comparison_key,raw_code_examples,raw_title_examples,source_row_count,metric_value,dv_rating_alpha,dv_rating_beta,dv_rating_gamma,human_rating_alpha,human_rating_beta,human_rating_gamma,comparison_title,metric_name,comparison_level,source_file,sheet_name,metric_zscore,metric_percentile
accountants-and-auditors,13-2011.00,Accountants and Auditors,1,0.56,0.12,0.56,1.0,0.2,0.52,0.84,Accountants and auditors,openai_gpts_are_gpts,slug,openai_occ_level.csv,,0.9110792587276288,0.8533724340175953
actors,27-2011.00,Actors,1,0.1875,0.15625,0.1875,0.21875,0.125,0.15625,0.1875,Actors,openai_gpts_are_gpts,slug,openai_occ_level.csv,,-0.9304163015558456,0.22434017595307917
actuaries,15-2011.00,Actuaries,1,0.5,0.0,0.5,1.0,0.2222222222222222,0.537037037037037,0.8518518518518519,Actuaries,openai_gpts_are_gpts,slug,openai_occ_level.csv,,0.6144625241853241,0.717008797653959
administrative-services-managers,11-3012.00 | 11-3013.00 | 11-3013.01,Administrative Services Managers | Facilities Managers | Security Managers,3,0.3972096743835874,0.0527950310559006,0.3972096743835874,0.7416243177112741,0.20059288537549405,0.43614718614718617,0.6717014869188782,Administrative services and facilities managers,openai_gpts_are_gpts,slug,openai_occ_level.csv,,0.10630701207064891,0.49266862170087977
adult-literacy-and-ged-teachers,25-3011.00,"Adult Basic Education, Adult Secondary Education, and English as a Second Language Instructors",1,0.4044117647058823,0.1764705882352941,0.4044117647058823,0.6323529411764706,0.2205882352941176,0.4264705882352941,0.6323529411764706,Adult basic and secondary education and ESL teachers,openai_gpts_are_gpts,slug,openai_occ_level.csv,,0.14191135395861307,0.49853372434017595
advertising-promotions-and-marketing-managers,11-2011.00 | 11-2021.00,Advertising and Promotions Managers | Marketing Managers,2,0.4883720930232558,0.03125,0.4883720930232558,0.9454941860465116,0.23728197674418605,0.5623183139534884,0.8873546511627907,"Advertising, promotions, and marketing managers",openai_gpts_are_gpts,slug,openai_occ_level.csv,,0.5569786609019316,0.6876832844574781
advertising-sales-agents,41-3011.00,Advertising Sales Agents,1,0.5384615384615384,0.1794871794871795,0.5384615384615384,0.8974358974358974,0.4358974358974359,0.6923076923076923,0.9487179487179488,Advertising sales agents,openai_gpts_are_gpts,slug,openai_occ_level.csv,,0.8046014565842371,0.8093841642228738
aerospace-engineering-and-operations-technicians,17-3021.00,Aerospace Engineering and Operations Technologists and Technicians,1,0.325,0.1,0.325,0.55,0.0,0.225,0.45,Aerospace engineering and operations technologists and technicians,openai_gpts_are_gpts,slug,openai_occ_level.csv,,-0.25066961822973094,0.39296187683284456
aerospace-engineers,17-2011.00,Aerospace Engineers,1,0.5714285714285714,0.2142857142857142,0.5714285714285714,0.9285714285714284,0.1428571428571428,0.5178571428571428,0.8928571428571428,Aerospace engineers,openai_gpts_are_gpts,slug,openai_occ_level.csv,,0.9675776843547341,0.8665689149560117
agricultural-and-food-science-technicians,19-4012.00 | 19-4012.01 | 19-4013.00,Agricultural Technicians | Precision Agriculture Technicians | Food Science Technicians,3,0.3921957671957671,0.19035594035594036,0.39219576719576715,0.594035594035594,0.1485088985088985,0.31746031746031744,0.4864117364117364,Agricultural and food science technicians,openai_gpts_are_gpts,slug,openai_occ_level.csv,,0.0815201991148248,0.4750733137829912
agricultural-and-food-scientists,19-1011.00 | 19-1012.00 | 19-1013.00,Animal Scientists | Food Scientists and Technologists | Soil and Plant Scientists,3,0.4555114269788182,0.041666666666666664,0.45551142697881825,0.86935618729097,0.4718506131549609,0.6580615942028986,0.8442725752508361,Agricultural and food scientists,openai_gpts_are_gpts,slug,openai_occ_level.csv,,0.3945282699521604,0.6099706744868035
agricultural-engineers,17-2021.00,Agricultural Engineers,1,0.4259259259259259,0.074074074074074,0.4259259259259259,0.7777777777777777,0.0,0.3333333333333333,0.6666666666666666,Agricultural engineers,openai_gpts_are_gpts,slug,openai_occ_level.csv,,0.24826902475037985,0.5513196480938416
agricultural-workers,45-2021.00 | 45-2091.00 | 45-2092.00 | 45-2093.00,"Animal Breeders | Agricultural Equipment Operators | Farmworkers and Laborers, Crop, Nursery, and Greenhouse | Farmworkers, Farm, Ranch, and Aquacultural Animals",4,0.0930059523809523,0.04058441558441557,0.09300595238095236,0.14542748917748916,0.007575757575757575,0.05632778679653677,0.105079816017316,Agricultural workers,openai_gpts_are_gpts,slug,openai_occ_level.csv,,-1.3975582321966284,0.11730205278592376
air-traffic-controllers,53-2021.00,Air Traffic Controllers,1,0.3409090909090909,0.0909090909090909,0.3409090909090909,0.5909090909090909,0.0,0.3068181818181818,0.6136363636363636,Air traffic controllers,openai_gpts_are_gpts,slug,openai_occ_level.csv,,-0.1720212416465443,0.40175953079178883
aircraft-and-avionics-equipment-mechanics-and-technicians,49-2091.00 | 49-3011.00,Avionics Technicians | Aircraft Mechanics and Service Technicians,2,0.1871641791044775,0.10477611940298505,0.18716417910447758,0.2695522388059701,0.04746268656716415,0.0998507462686567,0.15223880597014927,Aircraft and avionics equipment mechanics and technicians,openai_gpts_are_gpts,slug,openai_occ_level.csv,,-0.932076469846195,0.21994134897360704
airline-and-commercial-pilots,53-2011.00 | 53-2012.00,"Airline Pilots, Copilots, and Flight Engineers | Commercial Pilots",2,0.2954545454545454,0.10227272727272725,0.2954545454545454,0.48863636363636365,0.0,0.22159090909090912,0.44318181818181823,Airline and commercial pilots,openai_gpts_are_gpts,slug,openai_occ_level.csv,,-0.39673088902707815,0.3548387096774194
animal-care-and-service-workers,39-2011.00 | 39-2021.00,Animal Trainers | Animal Caretakers,2,0.1880877742946708,0.12539184952978055,0.1880877742946708,0.2507836990595611,0.14472309299895503,0.1598746081504702,0.17502612330198536,Animal care and service workers,openai_gpts_are_gpts,slug,openai_occ_level.csv,,-0.9275105733569597,0.2287390029325513
announcers,27-2091.00 | 27-3011.00,"Disc Jockeys, Except Radio | Broadcast Announcers and Radio Disc Jockeys",2,0.5881578947368421,0.41052631578947363,0.5881578947368421,0.7657894736842106,0.3164473684210526,0.4529605263157894,0.5894736842105264,Announcers and DJs,openai_gpts_are_gpts,slug,openai_occ_level.csv,,1.050280971868096,0.8797653958944281
anthropologists-and-archeologists,19-3091.00,Anthropologists and Archeologists,1,0.4396551724137931,0.0517241379310344,0.4396551724137931,0.8275862068965517,0.293103448275862,0.5172413793103449,0.7413793103448276,Anthropologists and archeologists,openai_gpts_are_gpts,slug,openai_occ_level.csv,,0.3161410957663395,0.5718475073313783
appraisers-and-assessors-of-real-estate,13-2022.00 | 13-2023.00,Appraisers of Personal and Business Property | Appraisers and Assessors of Real Estate,2,0.53125,0.0803571428571428,0.53125,0.9821428571428571,0.27678571428571425,0.5178571428571428,0.7589285714285714,Property appraisers and assessors,openai_gpts_are_gpts,slug,openai_occ_level.csv,,0.768950406759441,0.7917888563049853
arbitrators-mediators-and-conciliators,23-1022.00,"Arbitrators, Mediators, and Conciliators",1,0.5,0.0967741935483871,0.5,0.9032258064516128,0.0967741935483871,0.3709677419354839,0.6451612903225806,"Arbitrators, mediators, and conciliators",openai_gpts_are_gpts,slug,openai_occ_level.csv,,0.6144625241853241,0.717008797653959
architects,17-1011.00,"Architects, Except Landscape and Naval",1,0.4883720930232558,0.0697674418604651,0.4883720930232558,0.9069767441860463,0.1627906976744186,0.4302325581395348,0.6976744186046512,Architects,openai_gpts_are_gpts,slug,openai_occ_level.csv,,0.5569786609019316,0.6876832844574781
architectural-and-engineering-managers,11-9041.00 | 11-9041.01,Architectural and Engineering Managers | Biofuels/Biodiesel Technology and Product Development Managers,2,0.4426108374384236,0.05172413793103445,0.4426108374384236,0.8334975369458129,0.0571428571428571,0.3307881773399014,0.6044334975369459,Architectural and engineering managers,openai_gpts_are_gpts,slug,openai_occ_level.csv,,0.3307527575664529,0.5777126099706745
art-directors,27-1011.00,Art Directors,1,0.5,0.0689655172413793,0.5,0.9310344827586208,0.0689655172413793,0.4310344827586206,0.7931034482758621,Art directors,openai_gpts_are_gpts,slug,openai_occ_level.csv,,0.6144625241853241,0.717008797653959
assemblers-and-fabricators,51-2011.00 | 51-2021.00 | 51-2022.00 | 51-2023.00 | 51-2031.00,"Aircraft Structure, Surfaces, Rigging, and Systems Assemblers | Coil Winders, Tapers, and Finishers | Electrical and Electronic Equipment Assemblers | Electromechanical Equipment Assemblers | Engine and Other Machine Assemblers",9,0.0914359369751526,0.048572705435450524,0.09143593697515263,0.13429916851485477,0.009259259259259255,0.0462085663066055,0.08315787335395176,Assemblers and fabricators,openai_gpts_are_gpts,slug,openai_occ_level.csv,,-1.405319779577452,0.11436950146627566
athletes-and-sports-competitors,27-2021.00,Athletes and Sports Competitors,1,0.0,0.0,0.0,0.0,0.0,0.0,0.0,Athletes and sports competitors,openai_gpts_are_gpts,slug,openai_occ_level.csv,,-1.8573435970005476,0.007331378299120235
athletic-trainers,29-9091.00,Athletic Trainers,1,0.2790697674418604,0.0930232558139534,0.2790697674418604,0.4651162790697674,0.3255813953488372,0.4069767441860465,0.4883720930232558,Athletic trainers,openai_gpts_are_gpts,slug,openai_occ_level.csv,,-0.4777308781991311,0.3255131964809384
atmospheric-scientists-including-meteorologists,19-2021.00,Atmospheric and Space Scientists,1,0.5652173913043478,0.1739130434782608,0.5652173913043478,0.9565217391304348,0.3478260869565217,0.6086956521739131,0.8695652173913043,"Atmospheric scientists, including meteorologists",openai_gpts_are_gpts,slug,openai_occ_level.csv,,0.9368720182530462,0.8592375366568915
audiologists,29-1181.00,Audiologists,1,0.4545454545454546,0.1363636363636363,0.4545454545454546,0.7727272727272727,0.2272727272727273,0.4545454545454546,0.6818181818181819,Audiologists,openai_gpts_are_gpts,slug,openai_occ_level.csv,,0.3897528768047905,0.6041055718475073
automotive-body-and-glass-repairers,49-3021.00 | 49-3022.00,Automotive Body and Related Repairers | Automotive Glass Installers and Repairers,2,0.0212765957446808,0.0,0.02127659574468085,0.0425531914893617,0.0106382978723404,0.02127659574468085,0.03191489361702125,Automotive body and glass repairers,openai_gpts_are_gpts,slug,openai_occ_level.csv,,-1.7521603578011489,0.02932551319648094
automotive-service-technicians-and-mechanics,49-3023.00,Automotive Service Technicians and Mechanics,1,0.0818181818181818,0.0363636363636363,0.0818181818181818,0.1272727272727272,0.0363636363636363,0.0727272727272727,0.109090909090909,Automotive service technicians and mechanics,openai_gpts_are_gpts,slug,openai_occ_level.csv,,-1.452866231715587,0.093841642228739
bakers,51-3011.00,Bakers,1,0.2647058823529412,0.1470588235294117,0.2647058823529412,0.3823529411764705,0.088235294117647,0.1176470588235294,0.1470588235294117,Bakers,openai_gpts_are_gpts,slug,openai_occ_level.csv,,-0.5487403563727331,0.3020527859237537
barbers-hairstylists-and-cosmetologists,39-5011.00 | 39-5012.00,"Barbers | Hairdressers, Hairstylists, and Cosmetologists",2,0.1203560371517027,0.07043343653250769,0.12035603715170275,0.1702786377708978,0.0,0.0630804953560371,0.12616099071207423,"Barbers, hairstylists, and cosmetologists",openai_gpts_are_gpts,slug,openai_occ_level.csv,,-1.262350018294042,0.1436950146627566
bartenders,35-3011.00,Bartenders,1,0.1944444444444444,0.1111111111111111,0.1944444444444444,0.2777777777777778,0.0833333333333333,0.1388888888888889,0.1944444444444444,Bartenders,openai_gpts_are_gpts,slug,openai_occ_level.csv,,-0.8960856609838199,0.23460410557184752
bill-and-account-collectors,43-3011.00,Bill and Account Collectors,1,0.6964285714285714,0.3928571428571428,0.6964285714285714,1.0,0.1071428571428571,0.4285714285714285,0.75,Bill and account collectors,openai_gpts_are_gpts,slug,openai_occ_level.csv,,1.5855292146512021,0.9589442815249267
biochemists-and-biophysicists,19-1021.00,Biochemists and Biophysicists,1,0.4545454545454546,0.1363636363636363,0.4545454545454546,0.7727272727272727,0.2045454545454545,0.4431818181818182,0.6818181818181819,Biochemists and biophysicists,openai_gpts_are_gpts,slug,openai_occ_level.csv,,0.3897528768047905,0.6041055718475073
biological-technicians,19-4021.00,Biological Technicians,1,0.4166666666666666,0.2,0.4166666666666666,0.6333333333333333,0.0666666666666666,0.2666666666666666,0.4666666666666667,Biological technicians,openai_gpts_are_gpts,slug,openai_occ_level.csv,,0.20249483732101167,0.5249266862170088
biomedical-engineers,17-2031.00,Bioengineers and Biomedical Engineers,1,0.5897435897435898,0.2307692307692307,0.5897435897435898,0.9487179487179488,0.2564102564102564,0.5384615384615384,0.8205128205128205,Bioengineers and biomedical engineers,openai_gpts_are_gpts,slug,openai_occ_level.csv,,1.0581200331161216,0.8826979472140762
boilermakers,47-2011.00,Boilermakers,1,0.0303030303030303,0.0,0.0303030303030303,0.0606060606060606,0.0,0.0,0.0,Boilermakers,openai_gpts_are_gpts,slug,openai_occ_level.csv,,-1.7075371654135252,0.03812316715542522
bookkeeping-accounting-and-auditing-clerks,43-3031.00,"Bookkeeping, Accounting, and Auditing Clerks",1,0.8023255813953488,0.6046511627906976,0.8023255813953488,1.0,0.1395348837209302,0.313953488372093,0.4883720930232558,"Bookkeeping, accounting, and auditing clerks",openai_gpts_are_gpts,slug,openai_occ_level.csv,,2.1090429695535255,0.9736070381231672
brickmasons-blockmasons-and-stonemasons,47-2021.00 | 47-2022.00 | 47-2051.00 | 47-2053.00,Brickmasons and Blockmasons | Stonemasons | Cement Masons and Concrete Finishers | Terrazzo Workers and Finishers,4,0.0096153846153846,0.0,0.0096153846153846,0.019230769230769225,0.0,0.005681818181818175,0.01136363636363635,Masonry workers,openai_gpts_are_gpts,slug,openai_occ_level.csv,,-1.8098088639008194,0.01466275659824047
broadcast-and-sound-engineering-technicians,27-4011.00 | 27-4012.00 | 27-4014.00 | 27-4015.00,Audio and Video Technicians | Broadcast Technicians | Sound Engineering Technicians | Lighting Technicians,4,0.3858713624338624,0.13682208994708991,0.3858713624338624,0.6349206349206349,0.0550595238095238,0.22145337301587298,0.38784722222222223,"Broadcast, sound, and video technicians",openai_gpts_are_gpts,slug,openai_occ_level.csv,,0.05025479430815852,0.4574780058651026
budget-analysts,13-2031.00,Budget Analysts,1,0.52,0.08,0.52,0.96,0.32,0.64,0.96,Budget analysts,openai_gpts_are_gpts,slug,openai_occ_level.csv,,0.713334769032759,0.7580645161290323
bus-drivers,53-3051.00 | 53-3052.00,"Bus Drivers, School | Bus Drivers, Transit and Intercity",2,0.2821350762527232,0.25816993464052285,0.28213507625272327,0.3061002178649237,0.0,0.17156862745098034,0.3431372549019608,Bus drivers,openai_gpts_are_gpts,slug,openai_occ_level.csv,,-0.4625771800350998,0.3313782991202346
butchers-and-meat-cutters,51-3021.00,Butchers and Meat Cutters,1,0.131578947368421,0.0526315789473684,0.131578947368421,0.2105263157894736,0.0,0.0263157894736842,0.0526315789473684,Butchers,openai_gpts_are_gpts,slug,openai_occ_level.csv,,-1.2068683019516342,0.15249266862170088
calibration-technologists-and-technicians,17-3028.00,Calibration Technologists and Technicians,1,0.4,0.2,0.4,0.6,0.0666666666666666,0.2666666666666666,0.4666666666666667,Calibration technologists and technicians,openai_gpts_are_gpts,slug,openai_occ_level.csv,,0.12010129994814984,0.49560117302052786
cardiovascular-technologists-and-technicians,29-2031.00,Cardiovascular Technologists and Technicians,1,0.3571428571428571,0.0857142857142857,0.3571428571428571,0.6285714285714286,0.1142857142857142,0.1714285714285714,0.2285714285714285,Cardiovascular technologists and technicians,openai_gpts_are_gpts,slug,openai_occ_level.csv,,-0.09176779615349663,0.4340175953079179
career-and-technical-education-teachers,25-1194.00 | 25-2023.00 | 25-2032.00,"Career/Technical Education Teachers, Postsecondary | Career/Technical Education Teachers, Middle School | Career/Technical Education Teachers, Secondary School",3,0.3810311552247036,0.15775622227235128,0.3810311552247036,0.6043060881770559,0.1625435496403238,0.3735869864902123,0.5846304233401007,Career and technical education teachers,openai_gpts_are_gpts,slug,openai_occ_level.csv,,0.02632668669334517,0.45161290322580644
carpenters,47-2031.00,Carpenters,1,0.1444444444444444,0.0444444444444444,0.1444444444444444,0.2444444444444444,0.0444444444444444,0.0888888888888888,0.1333333333333333,Carpenters,openai_gpts_are_gpts,slug,openai_occ_level.csv,,-1.143266273102407,0.17302052785923755
cartographers-and-photogrammetrists,17-1021.00,Cartographers and Photogrammetrists,1,0.52,0.04,0.52,1.0,0.08,0.46,0.84,Cartographers and photogrammetrists,openai_gpts_are_gpts,slug,openai_occ_level.csv,,0.713334769032759,0.7580645161290323
cashiers,41-2011.00,Cashiers,1,0.2093023255813953,0.1395348837209302,0.2093023255813953,0.2790697674418604,0.2325581395348837,0.3604651162790697,0.4883720930232558,Cashiers,openai_gpts_are_gpts,slug,openai_occ_level.csv,,-0.8226340578994852,0.24926686217008798
chefs-and-head-cooks,35-1011.00,Chefs and Head Cooks,1,0.2619047619047618,0.0952380952380952,0.2619047619047618,0.4285714285714285,0.1428571428571428,0.2619047619047618,0.3809523809523809,Chefs and head cooks,openai_gpts_are_gpts,slug,openai_occ_level.csv,,-0.5625880097127105,0.2991202346041056
chemical-engineers,17-2041.00,Chemical Engineers,1,0.4615384615384615,0.0769230769230769,0.4615384615384615,0.8461538461538463,0.0769230769230769,0.3461538461538461,0.6153846153846154,Chemical engineers,openai_gpts_are_gpts,slug,openai_occ_level.csv,,0.4243235917864107,0.6217008797653959
chemical-technicians,19-4031.00,Chemical Technicians,1,0.3928571428571428,0.1428571428571428,0.3928571428571428,0.6428571428571428,0.2857142857142857,0.3928571428571428,0.5,Chemical technicians,openai_gpts_are_gpts,slug,openai_occ_level.csv,,0.0847897839312084,0.4809384164222874
chemists-and-materials-scientists,19-2031.00 | 19-2032.00,Chemists | Materials Scientists,2,0.4313793103448275,0.10896551724137929,0.43137931034482757,0.7537931034482759,0.3641379310344828,0.45862068965517244,0.5531034482758621,Chemists and materials scientists,openai_gpts_are_gpts,slug,openai_occ_level.csv,,0.2752284427260213,0.5630498533724341
childcare-workers,39-9011.00 | 39-9011.01,Childcare Workers | Nannies,2,0.1414312039312039,0.11087223587223585,0.1414312039312039,0.17199017199017194,0.23740786240786238,0.3404484029484029,0.4434889434889435,Childcare workers,openai_gpts_are_gpts,slug,openai_occ_level.csv,,-1.1581625657928734,0.16715542521994134
chiropractors,29-1011.00,Chiropractors,1,0.4545454545454546,0.1818181818181818,0.4545454545454546,0.7272727272727273,0.0909090909090909,0.3181818181818182,0.5454545454545454,Chiropractors,openai_gpts_are_gpts,slug,openai_occ_level.csv,,0.3897528768047905,0.6041055718475073
civil-engineering-technicians,17-3022.00,Civil Engineering Technologists and Technicians,1,0.5909090909090909,0.1818181818181818,0.5909090909090909,1.0,0.2727272727272727,0.4772727272727273,0.6818181818181819,Civil engineering technologists and technicians,openai_gpts_are_gpts,slug,openai_occ_level.csv,,1.0638818189463917,0.8885630498533724
civil-engineers,17-2051.00 | 17-2051.01 | 17-2051.02,Civil Engineers | Transportation Engineers | Water/Wastewater Engineers,3,0.4821428571428571,0.0556277056277056,0.48214285714285715,0.9086580086580086,0.17186147186147183,0.45454545454545453,0.7372294372294372,Civil engineers,openai_gpts_are_gpts,slug,openai_occ_level.csv,,0.5261837341429713,0.6656891495601173
claims-adjusters-appraisers-examiners-and-investigators,13-1031.00 | 13-1032.00,"Claims Adjusters, Examiners, and Investigators | Insurance Appraisers, Auto Damage",2,0.51,0.04,0.51,0.98,0.1614285714285714,0.495,0.8285714285714285,"Claims adjusters, appraisers, examiners, and investigators",openai_gpts_are_gpts,slug,openai_occ_level.csv,,0.6638986466090415,0.7390029325513197
clinical-laboratory-technologists-and-technicians,29-2011.00 | 29-2011.01 | 29-2011.02 | 29-2011.04 | 29-2012.00,Medical and Clinical Laboratory Technologists | Cytogenetic Technologists | Cytotechnologists | Histotechnologists | Medical and Clinical Laboratory Technicians,6,0.2825153940886699,0.09388752052545156,0.28251539408866994,0.4711432676518883,0.07445607553366172,0.14768130815544608,0.2209065407772304,Clinical laboratory technologists and technicians,openai_gpts_are_gpts,slug,openai_occ_level.csv,,-0.46069703612532154,0.3343108504398827
coaches-and-scouts,27-2022.00,Coaches and Scouts,1,0.3,0.0666666666666666,0.3,0.5333333333333333,0.0444444444444444,0.1444444444444444,0.2444444444444444,Coaches and scouts,openai_gpts_are_gpts,slug,openai_occ_level.csv,,-0.37425992428902466,0.3621700879765396
community-health-workers,21-1094.00,Community Health Workers,1,0.3194444444444444,0.0833333333333333,0.3194444444444444,0.5555555555555556,0.2777777777777778,0.3472222222222222,0.4166666666666666,Community health workers,openai_gpts_are_gpts,slug,openai_occ_level.csv,,-0.27813413068735193,0.3870967741935484
compensation-and-benefits-managers,11-3111.00,Compensation and Benefits Managers,1,0.513157894736842,0.131578947368421,0.513157894736842,0.894736842105263,0.1842105263157894,0.4605263157894737,0.7368421052631579,Compensation and benefits managers,openai_gpts_are_gpts,slug,openai_occ_level.csv,,0.6795100536902151,0.7478005865102639
compensation-benefits-and-job-analysis-specialists,13-1141.00,"Compensation, Benefits, and Job Analysis Specialists",1,0.4736842105263157,0.0789473684210526,0.4736842105263157,0.8684210526315789,0.3157894736842105,0.4736842105263157,0.631578947368421,"Compensation, benefits, and job analysis specialists",openai_gpts_are_gpts,slug,openai_occ_level.csv,,0.4843674651755409,0.6466275659824047
compliance-officers,13-1041.00 | 13-1041.01 | 13-1041.03 | 13-1041.04 | 13-1041.06,Compliance Officers | Environmental Compliance Inspectors | Equal Opportunity Representatives and Officers | Government Property Inspectors and Investigators | Coroners,7,0.5263042749310427,0.2342960489763113,0.5263042749310427,0.8183125008857741,0.3373490296220364,0.5265367802901109,0.7157245309581854,Compliance officers,openai_gpts_are_gpts,slug,openai_occ_level.csv,,0.7445006597611389,0.7771260997067448
computer-and-information-research-scientists,15-1221.00,Computer and Information Research Scientists,1,0.6346153846153847,0.3846153846153846,0.6346153846153847,0.8846153846153847,0.2307692307692307,0.5,0.7692307692307693,Computer and information research scientists,openai_gpts_are_gpts,slug,openai_occ_level.csv,,1.2799487875815205,0.9208211143695014
computer-and-information-systems-managers,11-3021.00,Computer and Information Systems Managers,1,0.5303030303030303,0.1212121212121212,0.5303030303030303,0.9393939393939394,0.303030303030303,0.5606060606060607,0.8181818181818182,Computer and information systems managers,openai_gpts_are_gpts,slug,openai_occ_level.csv,,0.7642689557723464,0.7859237536656891
computer-hardware-engineers,17-2061.00,Computer Hardware Engineers,1,0.7272727272727273,0.5454545454545454,0.7272727272727273,0.9090909090909092,0.1818181818181818,0.3181818181818182,0.4545454545454546,Computer hardware engineers,openai_gpts_are_gpts,slug,openai_occ_level.csv,,1.7380107610879931,0.967741935483871
computer-network-architects,15-1241.00 | 15-1241.01,Computer Network Architects | Telecommunications Engineering Specialists,2,0.6352227393617021,0.3548869680851064,0.6352227393617021,0.9155585106382979,0.2292220744680851,0.5433011968085106,0.8573803191489362,Computer network architects,openai_gpts_are_gpts,slug,openai_occ_level.csv,,1.2829513139408781,0.9237536656891495
computer-programmers,15-1251.00,Computer Programmers,1,0.95,0.9,0.95,1.0,0.4333333333333333,0.6833333333333333,0.9333333333333332,Computer programmers,openai_gpts_are_gpts,slug,openai_occ_level.csv,,2.839088033252608,0.9970674486803519
computer-support-specialists,15-1231.00 | 15-1232.00,Computer Network Support Specialists | Computer User Support Specialists,2,0.6228632478632479,0.45299145299145294,0.6228632478632479,0.7927350427350427,0.35612535612535606,0.6025641025641026,0.8490028490028491,Computer support specialists,openai_gpts_are_gpts,slug,openai_occ_level.csv,,1.2218507804596301,0.9090909090909091
computer-systems-analysts,15-1211.00 | 15-1211.01,Computer Systems Analysts | Health Informatics Specialists,2,0.6174242424242424,0.29411764705882354,0.6174242424242424,0.9407308377896613,0.2406417112299465,0.553475935828877,0.8663101604278075,Computer systems analysts,openai_gpts_are_gpts,slug,openai_occ_level.csv,,1.1949624465850364,0.9032258064516129
concierges,39-6012.00,Concierges,1,0.4666666666666667,0.1333333333333333,0.4666666666666667,0.8,0.6666666666666666,0.7,0.7333333333333333,Concierges,openai_gpts_are_gpts,slug,openai_occ_level.csv,,0.4496754494395993,0.6319648093841642
conservation-scientists,19-1031.00 | 19-1031.02 | 19-1031.03 | 19-1032.00,Conservation Scientists | Range Managers | Park Naturalists | Foresters,4,0.4214924264352592,0.04545454545454545,0.42149242643525925,0.797530307415973,0.19866890043457114,0.45164220193768645,0.7046155034408017,Conservation scientists and foresters,openai_gpts_are_gpts,slug,openai_occ_level.csv,,0.22635152239177117,0.5425219941348973
construction-and-building-inspectors,47-4011.00 | 47-4011.01,Construction and Building Inspectors | Energy Auditors,2,0.3341042893187552,0.0,0.33410428931875524,0.6682085786375105,0.07317073170731705,0.28238015138772077,0.4915895710681245,Construction and building inspectors,openai_gpts_are_gpts,slug,openai_occ_level.csv,,-0.20566154209543855,0.39882697947214074
construction-equipment-operators,47-2071.00 | 47-2072.00 | 47-2073.00,"Paving, Surfacing, and Tamping Equipment Operators | Pile Driver Operators | Operating Engineers and Other Construction Equipment Operators",3,0.0181159420289855,0.0144927536231884,0.0181159420289855,0.021739130434782598,0.0,0.0289855072463768,0.0579710144927536,Construction equipment operators,openai_gpts_are_gpts,slug,openai_occ_level.csv,,-1.767785404203958,0.02346041055718475
construction-laborers-and-helpers,47-2061.00 | 47-3011.00 | 47-3012.00 | 47-3013.00 | 47-3014.00,"Construction Laborers | Helpers--Brickmasons, Blockmasons, Stonemasons, and Tile and Marble Setters | Helpers--Carpenters | Helpers--Electricians | Helpers--Painters, Paperhangers, Plasterers, and Stucco Masons",7,0.0106271777003484,0.0034843205574912857,0.01062717770034843,0.017770034843205572,0.0,0.0035714285714285718,0.0071428571428571435,Construction laborers and helpers,openai_gpts_are_gpts,slug,openai_occ_level.csv,,-1.8048069512192453,0.017595307917888565
construction-managers,11-9021.00,Construction Managers,1,0.4444444444444445,0.0444444444444444,0.4444444444444445,0.8444444444444444,0.2,0.4,0.6,Construction managers,openai_gpts_are_gpts,slug,openai_occ_level.csv,,0.3398173996091162,0.5835777126099707
cooks,35-2011.00 | 35-2012.00 | 35-2013.00 | 35-2014.00 | 35-2015.00,"Cooks, Fast Food | Cooks, Institution and Cafeteria | Cooks, Private Household | Cooks, Restaurant | Cooks, Short Order",5,0.0910568499534016,0.04430195712954332,0.09105684995340166,0.13781174277726,0.05511276794035412,0.10282886152940598,0.15054495511845783,Cooks,openai_gpts_are_gpts,slug,openai_occ_level.csv,,-1.4071938388191043,0.10850439882697947
correctional-officers,33-3011.00 | 33-3012.00,Bailiffs | Correctional Officers and Jailers,2,0.148538961038961,0.1314935064935065,0.148538961038961,0.16558441558441556,0.0925324675324675,0.19967532467532464,0.30681818181818177,Correctional officers and bailiffs,openai_gpts_are_gpts,slug,openai_occ_level.csv,,-1.1230245707391606,0.18475073313782991
cost-estimators,13-1051.00,Cost Estimators,1,0.5,0.0,0.5,1.0,0.1538461538461538,0.4807692307692308,0.8076923076923077,Cost estimators,openai_gpts_are_gpts,slug,openai_occ_level.csv,,0.6144625241853241,0.717008797653959
court-reporters,27-3092.00,Court Reporters and Simultaneous Captioners,1,0.9583333333333331,0.9166666666666666,0.9583333333333331,1.0,0.125,0.5208333333333333,0.9166666666666666,Court reporters and simultaneous captioners,openai_gpts_are_gpts,slug,openai_occ_level.csv,,2.8802848019390392,1.0
craft-and-fine-artists,27-1012.00 | 27-1013.00,"Craft Artists | Fine Artists, Including Painters, Sculptors, and Illustrators",2,0.3418103448275862,0.0,0.3418103448275862,0.6836206896551724,0.05948275862068965,0.2683189655172413,0.4771551724137931,Craft and fine artists,openai_gpts_are_gpts,slug,openai_occ_level.csv,,-0.1675657917415853,0.4046920821114369
credit-counselors,13-2071.00,Credit Counselors,1,0.625,0.2727272727272727,0.625,0.9772727272727272,0.4545454545454546,0.6931818181818182,0.931818181818182,Credit counselors,openai_gpts_are_gpts,slug,openai_occ_level.csv,,1.2324140544817919,0.9134897360703812
curators-museum-technicians-and-conservators,25-4011.00 | 25-4012.00 | 25-4013.00,Archivists | Curators | Museum Technicians and Conservators,3,0.4122807017543859,0.09256760133953114,0.4122807017543859,0.7319938021692408,0.19843054930774226,0.4184535412605588,0.6384765332133753,"Archivists, curators, and museum workers",openai_gpts_are_gpts,slug,openai_occ_level.csv,,0.18081232748604809,0.5161290322580645
customer-service-representatives,43-4051.00,Customer Service Representatives,1,0.5681818181818182,0.1363636363636363,0.5681818181818182,1.0,0.5454545454545454,0.7045454545454546,0.8636363636363636,Customer service representatives,openai_gpts_are_gpts,slug,openai_occ_level.csv,,0.9515269952561249,0.8621700879765396
dancers-and-choreographers,27-2031.00 | 27-2032.00,Dancers | Choreographers,2,0.1461309523809523,0.02857142857142855,0.14613095238095236,0.26369047619047614,0.0714285714285714,0.106547619047619,0.14166666666666666,Dancers and choreographers,openai_gpts_are_gpts,slug,openai_occ_level.csv,,-1.1349288318206294,0.17595307917888564
data-scientists,15-2051.00 | 15-2051.01 | 15-2051.02,Data Scientists | Business Intelligence Analysts | Clinical Data Managers,3,0.6948232323232323,0.38964646464646463,0.6948232323232323,1.0,0.28737373737373734,0.5815025252525253,0.8756313131313131,Data scientists,openai_gpts_are_gpts,slug,openai_occ_level.csv,,1.5775930405968894,0.9560117302052786
database-administrators,15-1242.00 | 15-1243.00 | 15-1243.01,Database Administrators | Database Architects | Data Warehousing Specialists,3,0.9193256986333304,0.8386513972666608,0.9193256986333305,1.0,0.30770463618614674,0.6295932045341959,0.951481772882245,Database administrators and architects,openai_gpts_are_gpts,slug,openai_occ_level.csv,,2.6874461814901403,0.9941348973607038
delivery-truck-drivers-and-driver-sales-workers,53-3031.00 | 53-3033.00,Driver/Sales Workers | Light Truck Drivers,2,0.3493589743589743,0.19871794871794865,0.34935897435897434,0.5,0.0,0.19444444444444445,0.3888888888888889,Delivery truck drivers and driver/sales workers,openai_gpts_are_gpts,slug,openai_occ_level.csv,,-0.13024829437708635,0.41935483870967744
dental-and-ophthalmic-laboratory-technicians-and-medical-appliance-technicians,51-9081.00 | 51-9082.00 | 51-9083.00,Dental Laboratory Technicians | Medical Appliance Technicians | Ophthalmic Laboratory Technicians,3,0.0911159003831417,0.022988505747126433,0.09111590038314173,0.15924329501915707,0.022988505747126433,0.06920498084291184,0.1154214559386973,Dental and ophthalmic laboratory technicians and medical appliance technicians,openai_gpts_are_gpts,slug,openai_occ_level.csv,,-1.406901916391724,0.11143695014662756
dental-assistants,31-9091.00,Dental Assistants,1,0.2666666666666666,0.1333333333333333,0.2666666666666666,0.4,0.0,0.1,0.2,Dental assistants,openai_gpts_are_gpts,slug,openai_occ_level.csv,,-0.5390469990347496,0.30791788856304986
dental-hygienists,29-1292.00,Dental Hygienists,1,0.1875,0.0625,0.1875,0.3125,0.0,0.09375,0.1875,Dental hygienists,openai_gpts_are_gpts,slug,openai_occ_level.csv,,-0.9304163015558456,0.22434017595307917
dentists,29-1021.00 | 29-1022.00 | 29-1023.00 | 29-1024.00,"Dentists, General | Oral and Maxillofacial Surgeons | Orthodontists | Prosthodontists",4,0.1588636363636363,0.0125,0.15886363636363635,0.30522727272727274,0.0375,0.14897727272727274,0.26045454545454544,Dentists,openai_gpts_are_gpts,slug,openai_occ_level.csv,,-1.0719833794055824,0.1906158357771261
desktop-publishers,43-9031.00,Desktop Publishers,1,0.6451612903225806,0.3225806451612903,0.6451612903225806,0.967741935483871,0.032258064516129,0.4838709677419355,0.935483870967742,Desktop publishers,openai_gpts_are_gpts,slug,openai_occ_level.csv,,1.3320836561425125,0.9296187683284457
diagnostic-medical-sonographers,29-2032.00,Diagnostic Medical Sonographers,1,0.3026315789473684,0.1052631578947368,0.3026315789473684,0.5,0.131578947368421,0.2894736842105263,0.4473684210526315,Diagnostic medical sonographers,openai_gpts_are_gpts,slug,openai_occ_level.csv,,-0.36125041838804633,0.36950146627565983
diesel-service-technicians-and-mechanics,49-3031.00,Bus and Truck Mechanics and Diesel Engine Specialists,1,0.0,0.0,0.0,0.0,0.0,0.0,0.0,Diesel service technicians and mechanics,openai_gpts_are_gpts,slug,openai_occ_level.csv,,-1.8573435970005476,0.007331378299120235
dietitians-and-nutritionists,29-1031.00,Dietitians and Nutritionists,1,0.5487804878048781,0.1463414634146341,0.5487804878048781,0.951219512195122,0.2682926829268293,0.4634146341463415,0.6585365853658537,Dietitians and nutritionists,openai_gpts_are_gpts,slug,openai_occ_level.csv,,0.8556143408863849,0.8269794721407625
drafters,17-3011.00 | 17-3012.00 | 17-3013.00,Architectural and Civil Drafters | Electrical and Electronics Drafters | Mechanical Drafters,3,0.5381560283687943,0.12681829298116895,0.5381560283687943,0.9494937637564197,0.16809488872584985,0.49162631450232325,0.8151577402787967,Drafters,openai_gpts_are_gpts,slug,openai_occ_level.csv,,0.803091133149579,0.8064516129032258
drywall-and-ceiling-tile-installers-and-tapers,47-2081.00 | 47-2082.00,Drywall and Ceiling Tile Installers | Tapers,2,0.0208333333333333,0.0,0.0208333333333333,0.04166666666666665,0.0,0.01041666666666665,0.0208333333333333,"Drywall installers, ceiling tile installers, and tapers",openai_gpts_are_gpts,slug,openai_occ_level.csv,,-1.7543516752844697,0.026392961876832845
economists,19-3011.00 | 19-3011.01,Economists | Environmental Economists,2,0.5526315789473684,0.1052631578947368,0.5526315789473684,1.0,0.4429824561403508,0.6173245614035088,0.7916666666666666,Economists,openai_gpts_are_gpts,slug,openai_occ_level.csv,,0.8746526422048891,0.8401759530791789
editors,27-3041.00,Editors,1,0.6470588235294118,0.3529411764705882,0.6470588235294118,0.9411764705882352,0.5294117647058824,0.6470588235294118,0.7647058823529411,Editors,openai_gpts_are_gpts,slug,openai_occ_level.csv,,1.34146432453411,0.9325513196480938
electrical-and-electronics-engineering-technicians,17-3023.00,Electrical and Electronic Engineering Technologists and Technicians,1,0.4056603773584905,0.1886792452830188,0.4056603773584905,0.6226415094339622,0.0943396226415094,0.330188679245283,0.5660377358490566,Electrical and electronic engineering technologists and technicians,openai_gpts_are_gpts,slug,openai_occ_level.csv,,0.14808401075402708,0.5043988269794721
electrical-and-electronics-engineers,17-2071.00 | 17-2072.00 | 17-2072.01,"Electrical Engineers | Electronics Engineers, Except Computer | Radio Frequency Identification Device Specialists",3,0.6008986928104575,0.33464635854341734,0.6008986928104575,0.8671510270774977,0.20147642390289447,0.433969421101774,0.6664624183006537,Electrical and electronics engineers,openai_gpts_are_gpts,slug,openai_occ_level.csv,,1.1132665372024075,0.8973607038123167
electrical-and-electronics-installers-and-repairers,49-2092.00 | 49-2093.00 | 49-2094.00 | 49-2095.00 | 49-2096.00,"Electric Motor, Power Tool, and Related Repairers | Electrical and Electronics Installers and Repairers, Transportation Equipment | Electrical and Electronics Repairers, Commercial and Industrial Equipment | Electrical and Electronics Repairers, Powerhouse, Substation, and Relay | Electronic Equipment Installers and Repairers, Motor Vehicles",5,0.232025641025641,0.16846153846153844,0.23202564102564102,0.29558974358974355,0.051897435897435895,0.14925641025641023,0.2466153846153846,Electrical and electronics installers and repairers,openai_gpts_are_gpts,slug,openai_occ_level.csv,,-0.7102987974820373,0.2697947214076246
electricians,47-2111.00,Electricians,1,0.1463414634146341,0.0975609756097561,0.1463414634146341,0.1951219512195122,0.048780487804878,0.1463414634146341,0.2439024390243902,Electricians,openai_gpts_are_gpts,slug,openai_occ_level.csv,,-1.1338881468973658,0.18181818181818182
electro-mechanical-technicians,17-3024.00 | 17-3024.01,Electro-Mechanical and Mechatronics Technologists and Technicians | Robotics Technicians,2,0.3873555840821566,0.2564184852374839,0.3873555840821566,0.5182926829268293,0.04878048780487805,0.22111681643132214,0.3934531450577663,Electro-mechanical and mechatronics technologists and technicians,openai_gpts_are_gpts,slug,openai_occ_level.csv,,0.05759221061905891,0.4633431085043988
elementary-middle-and-high-school-principals,11-9032.00,"Education Administrators, Kindergarten through Secondary",1,0.4181818181818181,0.0181818181818181,0.4181818181818181,0.8181818181818181,0.2727272727272727,0.4545454545454545,0.6363636363636364,"Elementary, middle, and high school principals",openai_gpts_are_gpts,slug,openai_occ_level.csv,,0.20998515890036284,0.530791788856305
elevator-installers-and-repairers,47-4021.00,Elevator and Escalator Installers and Repairers,1,0.1842105263157894,0.1578947368421052,0.1842105263157894,0.2105263157894736,0.0,0.0789473684210526,0.1578947368421052,Elevator and escalator installers and repairers,openai_gpts_are_gpts,slug,openai_occ_level.csv,,-0.9466781839320688,0.21407624633431085
emergency-management-directors,11-9161.00,Emergency Management Directors,1,0.4222222222222222,0.0,0.4222222222222222,0.8444444444444444,0.4,0.6,0.8,Emergency management directors,openai_gpts_are_gpts,slug,openai_occ_level.csv,,0.22995934977863292,0.5454545454545454
emts-and-paramedics,29-2042.00 | 29-2043.00,Emergency Medical Technicians | Paramedics,2,0.1810897435897435,0.12179487179487175,0.18108974358974356,0.24038461538461536,0.0,0.20032051282051277,0.40064102564102555,EMTs and paramedics,openai_gpts_are_gpts,slug,openai_occ_level.csv,,-0.9621061236223316,0.20527859237536658
entertainment-and-recreation-managers,11-9072.00,"Entertainment and Recreation Managers, Except Gambling",1,0.3529411764705882,0.1764705882352941,0.3529411764705882,0.5294117647058824,0.2352941176470588,0.3823529411764705,0.5294117647058824,Entertainment and recreation managers,openai_gpts_are_gpts,slug,openai_occ_level.csv,,-0.11253927616346186,0.4281524926686217
environmental-engineering-technicians,17-3025.00,Environmental Engineering Technologists and Technicians,1,0.4078947368421052,0.1052631578947368,0.4078947368421052,0.7105263157894737,0.2368421052631578,0.4342105263157894,0.631578947368421,Environmental engineering technologists and technicians,openai_gpts_are_gpts,slug,openai_occ_level.csv,,0.15912981765108422,0.5102639296187683
environmental-engineers,17-2081.00,Environmental Engineers,1,0.5555555555555556,0.1296296296296296,0.5555555555555556,0.9814814814814814,0.2407407407407407,0.5,0.7592592592592592,Environmental engineers,openai_gpts_are_gpts,slug,openai_occ_level.csv,,0.8891076487615321,0.8475073313782991
environmental-science-and-protection-technicians,19-4042.00,"Environmental Science and Protection Technicians, Including Health",1,0.4555555555555556,0.2444444444444444,0.4555555555555556,0.6666666666666667,0.2444444444444444,0.4222222222222222,0.6,Environmental science and protection technicians,openai_gpts_are_gpts,slug,openai_occ_level.csv,,0.39474642452435793,0.6129032258064516
environmental-scientists-and-specialists,19-2041.00 | 19-2041.01 | 19-2041.02 | 19-2041.03,"Environmental Scientists and Specialists, Including Health | Climate Change Policy Analysts | Environmental Restoration Planners | Industrial Ecologists",4,0.5217162952137376,0.062366671773898874,0.5217162952137376,0.9810659186535764,0.46475199476705126,0.7103039146935072,0.9558558346199629,Environmental scientists and specialists,openai_gpts_are_gpts,slug,openai_occ_level.csv,,0.7218194670629163,0.7624633431085044
epidemiologists,19-1041.00,Epidemiologists,1,0.4423076923076923,0.0,0.4423076923076923,0.8846153846153847,0.3461538461538461,0.5576923076923077,0.7692307692307693,Epidemiologists,openai_gpts_are_gpts,slug,openai_occ_level.csv,,0.32925412558695416,0.5747800586510264
exercise-physiologists,29-1128.00,Exercise Physiologists,1,0.26,0.04,0.26,0.48,0.28,0.34,0.4,Exercise physiologists,openai_gpts_are_gpts,slug,openai_occ_level.csv,,-0.5720044139838942,0.2961876832844575
farmers-ranchers-and-other-agricultural-managers,11-9013.00,"Farmers, Ranchers, and Other Agricultural Managers",1,0.3673469387755101,0.0408163265306122,0.3673469387755101,0.6938775510204082,0.1020408163265306,0.2448979591836734,0.3877551020408163,"Farmers, ranchers, and other agricultural managers",openai_gpts_are_gpts,slug,openai_occ_level.csv,,-0.04132277327215254,0.44281524926686217
fashion-designers,27-1022.00,Fashion Designers,1,0.390625,0.0,0.390625,0.78125,0.125,0.375,0.625,Fashion designers,openai_gpts_are_gpts,slug,openai_occ_level.csv,,0.07375493517591464,0.46920821114369504
film-and-video-editors-and-camera-operators,27-4031.00 | 27-4032.00,"Camera Operators, Television, Video, and Film | Film and Video Editors",2,0.476010101010101,0.08585858585858586,0.476010101010101,0.8661616161616161,0.0845959595959596,0.327020202020202,0.5694444444444444,Film and video editors and camera operators,openai_gpts_are_gpts,slug,openai_occ_level.csv,,0.49586576584559783,0.6510263929618768
financial-analysts,13-2051.00 | 13-2054.00,Financial and Investment Analysts | Financial Risk Specialists,2,0.4974358974358974,0.0333333333333333,0.49743589743589745,0.9615384615384617,0.19358974358974357,0.5416666666666667,0.8897435897435897,Financial analysts,openai_gpts_are_gpts,slug,openai_occ_level.csv,,0.6017865953587296,0.6920821114369502
financial-clerks,43-3021.00 | 43-3041.00 | 43-3051.00 | 43-3061.00 | 43-4011.00,Billing and Posting Clerks | Gambling Cage Workers | Payroll and Timekeeping Clerks | Procurement Clerks | Brokerage Clerks,9,0.6721153238491948,0.44754349972091906,0.6721153238491948,0.8966871479774705,0.3136222166867328,0.5296172901011611,0.7456123635155892,Financial clerks,openai_gpts_are_gpts,slug,openai_occ_level.csv,,1.4653339462659807,0.9501466275659824
financial-examiners,13-2061.00,Financial Examiners,1,0.5,0.0606060606060606,0.5,0.9393939393939394,0.303030303030303,0.5757575757575758,0.8484848484848485,Financial examiners,openai_gpts_are_gpts,slug,openai_occ_level.csv,,0.6144625241853241,0.717008797653959
financial-managers,11-3031.00 | 11-3031.01 | 11-3031.03,Financial Managers | Treasurers and Controllers | Investment Fund Managers,3,0.4850552306692657,0.0,0.4850552306692657,0.9701104613385315,0.1221201151025712,0.4541306971131532,0.7861412791237351,Financial managers,openai_gpts_are_gpts,slug,openai_occ_level.csv,,0.5405813795624842,0.6715542521994134
fire-inspectors-and-investigators,33-2021.00 | 33-2022.00,Fire Inspectors and Investigators | Forest Fire Inspectors and Prevention Specialists,2,0.2536057692307693,0.1298076923076923,0.2536057692307693,0.37740384615384615,0.25,0.3798076923076923,0.5096153846153846,Fire inspectors,openai_gpts_are_gpts,slug,openai_occ_level.csv,,-0.6036150114952135,0.2903225806451613
firefighters,33-2011.00,Firefighters,1,0.1403508771929824,0.1052631578947368,0.1403508771929824,0.175438596491228,0.0701754385964912,0.087719298245614,0.1052631578947368,Firefighters,openai_gpts_are_gpts,slug,openai_occ_level.csv,,-1.1635032822817066,0.16422287390029325
fishers-and-related-fishing-workers,45-3031.00,Fishing and Hunting Workers,1,0.043859649122807,0.0,0.043859649122807,0.087719298245614,0.0,0.0087719298245614,0.0175438596491228,Fishing and hunting workers,openai_gpts_are_gpts,slug,openai_occ_level.csv,,-1.6405184986509098,0.05278592375366569
fitness-trainers-and-instructors,39-9031.00,Exercise Trainers and Group Fitness Instructors,1,0.0147058823529411,0.0,0.0147058823529411,0.0294117647058823,0.1470588235294117,0.2352941176470588,0.3235294117647059,Fitness trainers and instructors,openai_gpts_are_gpts,slug,openai_occ_level.csv,,-1.7846434169656693,0.020527859237536656
flight-attendants,53-2031.00,Flight Attendants,1,0.1666666666666666,0.1458333333333333,0.1666666666666666,0.1875,0.0416666666666666,0.1458333333333333,0.25,Flight attendants,openai_gpts_are_gpts,slug,openai_occ_level.csv,,-1.033408223271924,0.19941348973607037
floral-designers,27-1023.00,Floral Designers,1,0.1999999999999999,0.0666666666666666,0.1999999999999999,0.3333333333333333,0.1,0.2666666666666666,0.4333333333333333,Floral designers,openai_gpts_are_gpts,slug,openai_occ_level.csv,,-0.8686211485261994,0.2404692082111437
food-and-beverage-serving-and-related-workers,35-3023.00 | 35-3023.01 | 35-3041.00 | 35-9011.00 | 35-9031.00,"Fast Food and Counter Workers | Baristas | Food Servers, Nonrestaurant | Dining Room and Cafeteria Attendants and Bartender Helpers | Hosts and Hostesses, Restaurant, Lounge, and Coffee Shop",5,0.1104560011138958,0.051462684489000245,0.11045600111389582,0.16944931773879138,0.07574561403508769,0.13409878863826227,0.1924519632414369,Food and beverage serving and related workers,openai_gpts_are_gpts,slug,openai_occ_level.csv,,-1.3112919576504654,0.1348973607038123
food-and-tobacco-processing-workers,51-3091.00 | 51-3092.00 | 51-3093.00,"Food and Tobacco Roasting, Baking, and Drying Machine Operators and Tenders | Food Batchmakers | Food Cooking Machine Operators and Tenders",3,0.1036945133719326,0.0994210090984284,0.10369451337193265,0.10796801764543695,0.04273504273504273,0.08425696167631647,0.12577888061759027,Food processing equipment workers,openai_gpts_are_gpts,slug,openai_occ_level.csv,,-1.3447181312282812,0.12023460410557185
food-preparation-workers,35-2021.00,Food Preparation Workers,1,0.037037037037037,0.0185185185185185,0.037037037037037,0.0555555555555555,0.0,0.0462962962962962,0.0925925925925925,Food preparation workers,openai_gpts_are_gpts,slug,openai_occ_level.csv,,-1.6742468472830758,0.04105571847507331
food-service-managers,11-9051.00,Food Service Managers,1,0.4166666666666666,0.0625,0.4166666666666666,0.7708333333333333,0.1875,0.3958333333333333,0.6041666666666666,Food service managers,openai_gpts_are_gpts,slug,openai_occ_level.csv,,0.20249483732101167,0.5249266862170088
forensic-science-technicians,19-4092.00,Forensic Science Technicians,1,0.3870967741935484,0.064516129032258,0.3870967741935484,0.7096774193548387,0.064516129032258,0.1935483870967742,0.3225806451612903,Forensic science technicians,openai_gpts_are_gpts,slug,openai_occ_level.csv,,0.05631275488528848,0.4604105571847507
forest-and-conservation-workers,45-4011.00,Forest and Conservation Workers,1,0.0434782608695652,0.0434782608695652,0.0434782608695652,0.0434782608695652,0.0,0.0652173913043478,0.1304347826086956,Forest and conservation workers,openai_gpts_are_gpts,slug,openai_occ_level.csv,,-1.6424039342887327,0.04838709677419355
fundraisers,13-1131.00,Fundraisers,1,0.5192307692307693,0.1538461538461538,0.5192307692307693,0.8846153846153847,0.25,0.4903846153846154,0.7307692307692308,Fundraisers,openai_gpts_are_gpts,slug,openai_occ_level.csv,,0.7095319903847809,0.7536656891495601
funeral-service-occupations,11-9171.00 | 39-4031.00,"Funeral Home Managers | Morticians, Undertakers, and Funeral Arrangers",2,0.2956810631229235,0.1179401993355481,0.2956810631229235,0.47342192691029894,0.14285714285714285,0.31436877076411956,0.4858803986710963,Funeral service workers,openai_gpts_are_gpts,slug,openai_occ_level.csv,,-0.3956110735085706,0.35777126099706746
gaming-services-occupations,11-9071.00 | 39-1013.00 | 39-3011.00 | 39-3012.00,Gambling Managers | First-Line Supervisors of Gambling Services Workers | Gambling Dealers | Gambling and Sports Book Writers and Runners,4,0.3526469059557294,0.24928152134034484,0.35264690595572945,0.4560122905711141,0.15570349761526228,0.3003126146508499,0.44492173168643756,Gambling services workers,openai_gpts_are_gpts,slug,openai_occ_level.csv,,-0.1139940354832869,0.4252199413489736
general-maintenance-and-repair-workers,49-9071.00,"Maintenance and Repair Workers, General",1,0.1372549019607843,0.0392156862745098,0.1372549019607843,0.2352941176470588,0.0,0.0784313725490196,0.1568627450980392,General maintenance and repair workers,openai_gpts_are_gpts,slug,openai_occ_level.csv,,-1.1788085833416808,0.15542521994134897
general-office-clerks,43-9061.00,"Office Clerks, General",1,0.5757575757575758,0.3636363636363636,0.5757575757575758,0.7878787878787878,0.2121212121212121,0.5,0.7878787878787878,General office clerks,openai_gpts_are_gpts,slug,openai_occ_level.csv,,0.9889786031528806,0.8724340175953079
genetic-counselors,29-9092.00,Genetic Counselors,1,0.5,0.1052631578947368,0.5,0.894736842105263,0.3684210526315789,0.631578947368421,0.894736842105263,Genetic counselors,openai_gpts_are_gpts,slug,openai_occ_level.csv,,0.6144625241853241,0.717008797653959
geographers,19-3092.00,Geographers,1,0.4999999999999999,0.1666666666666666,0.4999999999999999,0.8333333333333333,0.0833333333333333,0.375,0.6666666666666666,Geographers,openai_gpts_are_gpts,slug,openai_occ_level.csv,,0.6144625241853235,0.6979472140762464
geological-and-petroleum-technicians,19-4043.00 | 19-4044.00,"Geological Technicians, Except Hydrologic Technicians | Hydrologic Technicians",2,0.4451219512195122,0.118140243902439,0.4451219512195122,0.7721036585365854,0.1615853658536585,0.4180640243902439,0.6745426829268293,Geological and hydrologic technicians,openai_gpts_are_gpts,slug,openai_occ_level.csv,,0.34316673039663087,0.5865102639296188
geoscientists,19-2042.00,"Geoscientists, Except Hydrologists and Geographers",1,0.4666666666666667,0.1111111111111111,0.4666666666666667,0.8222222222222223,0.2888888888888889,0.4777777777777778,0.6666666666666667,Geoscientists,openai_gpts_are_gpts,slug,openai_occ_level.csv,,0.4496754494395993,0.6319648093841642
glaziers,47-2121.00,Glaziers,1,0.0833333333333333,0.0,0.0833333333333333,0.1666666666666666,0.0,0.03125,0.0625,Glaziers,openai_gpts_are_gpts,slug,openai_occ_level.csv,,-1.4453759101362358,0.09824046920821114
graphic-designers,27-1024.00,Graphic Designers,1,0.5,0.0,0.5,1.0,0.0,0.4107142857142857,0.8214285714285714,Graphic designers,openai_gpts_are_gpts,slug,openai_occ_level.csv,,0.6144625241853241,0.717008797653959
grounds-maintenance-workers,37-3011.00 | 37-3012.00 | 37-3013.00,"Landscaping and Groundskeeping Workers | Pesticide Handlers, Sprayers, and Applicators, Vegetation | Tree Trimmers and Pruners",3,0.046973803071364,0.016260162601626,0.046973803071364,0.07768744354110203,0.0185185185185185,0.046973803071364,0.07542908762420954,Grounds maintenance workers,openai_gpts_are_gpts,slug,openai_occ_level.csv,,-1.625123329066193,0.05571847507331378
hand-laborers-and-material-movers,53-7061.00 | 53-7062.00 | 53-7062.04 | 53-7063.00 | 53-7064.00,"Cleaners of Vehicles and Equipment | Laborers and Freight, Stock, and Material Movers, Hand | Recycling and Reclamation Workers | Machine Feeders and Offbearers | Packers and Packagers, Hand",7,0.1051382054798203,0.08822932071379273,0.10513820547982036,0.12204709024584799,0.03089053803339516,0.09938573848511735,0.16788093893683956,Hand laborers and material movers,openai_gpts_are_gpts,slug,openai_occ_level.csv,,-1.337581077249512,0.12609970674486803
hazardous-materials-removal-workers,47-4041.00,Hazardous Materials Removal Workers,1,0.0806451612903225,0.032258064516129,0.0806451612903225,0.1290322580645161,0.0,0.032258064516129,0.064516129032258,Hazardous materials removal workers,openai_gpts_are_gpts,slug,openai_occ_level.csv,,-1.4586651903576653,0.09090909090909091
health-and-safety-engineers,17-2111.00 | 17-2111.02,"Health and Safety Engineers, Except Mining Safety Engineers and Inspectors | Fire-Prevention and Protection Engineers",2,0.5042307692307693,0.09846153846153845,0.5042307692307693,0.91,0.4692307692307693,0.5676923076923077,0.6661538461538461,Health and safety engineers,openai_gpts_are_gpts,slug,openai_occ_level.csv,,0.6353778067492046,0.7360703812316716
health-educators,21-1091.00,Health Education Specialists,1,0.532258064516129,0.2580645161290322,0.532258064516129,0.8064516129032258,0.2580645161290322,0.5,0.7419354838709677,Health education specialists,openai_gpts_are_gpts,slug,openai_occ_level.csv,,0.7739338868424769,0.7976539589442815
health-information-technologists-and-medical-registrars,29-9021.00,Health Information Technologists and Medical Registrars,1,0.65625,0.3125,0.65625,1.0,0.3125,0.53125,0.75,Health information technologists and medical registrars,openai_gpts_are_gpts,slug,openai_occ_level.csv,,1.3869019370559088,0.9428152492668622
heating-air-conditioning-and-refrigeration-mechanics-and-installers,49-9021.00,"Heating, Air Conditioning, and Refrigeration Mechanics and Installers",1,0.1052631578947368,0.0701754385964912,0.1052631578947368,0.1403508771929824,0.0701754385964912,0.1403508771929824,0.2105263157894736,"Heating, air conditioning, and refrigeration mechanics and installers",openai_gpts_are_gpts,slug,openai_occ_level.csv,,-1.3369633609614169,0.12903225806451613
heavy-and-tractor-trailer-truck-drivers,53-3032.00,Heavy and Tractor-Trailer Truck Drivers,1,0.2788461538461538,0.1923076923076923,0.2788461538461538,0.3653846153846154,0.0384615384615384,0.173076923076923,0.3076923076923077,Heavy and tractor-trailer truck drivers,openai_gpts_are_gpts,slug,openai_occ_level.csv,,-0.47883633710842705,0.3225806451612903
heavy-vehicle-and-mobile-equipment-service-technicians,49-3041.00 | 49-3042.00 | 49-3043.00,"Farm Equipment Mechanics and Service Technicians | Mobile Heavy Equipment Mechanics, Except Engines | Rail Car Repairers",3,0.1040529363110008,0.0766335814722911,0.10405293631100081,0.13147229114971046,0.08945409429280393,0.12086435070306033,0.15227460711331678,Heavy vehicle and mobile equipment service technicians,openai_gpts_are_gpts,slug,openai_occ_level.csv,,-1.3429462271987567,0.12316715542521994
high-school-teachers,25-2031.00,"Secondary School Teachers, Except Special and Career/Technical Education",1,0.3333333333333333,0.0317460317460317,0.3333333333333333,0.6349206349206349,0.1587301587301587,0.3412698412698413,0.5238095238095237,High school teachers,openai_gpts_are_gpts,slug,openai_occ_level.csv,,-0.2094728495432999,0.39589442815249265
historians,19-3093.00,Historians,1,0.4736842105263157,0.1052631578947368,0.4736842105263157,0.8421052631578947,0.3157894736842105,0.5,0.6842105263157894,Historians,openai_gpts_are_gpts,slug,openai_occ_level.csv,,0.4843674651755409,0.6466275659824047
home-health-aides-and-personal-care-aides,31-1121.00 | 31-1122.00,Home Health Aides | Personal Care Aides,2,0.1495726495726495,0.12179487179487175,0.14957264957264954,0.17735042735042733,0.1111111111111111,0.18589743589743585,0.26068376068376065,Home health and personal care aides,openai_gpts_are_gpts,slug,openai_occ_level.csv,,-1.1179144154492187,0.187683284457478
human-resources-managers,11-3121.00,Human Resources Managers,1,0.48,0.04,0.48,0.92,0.14,0.45,0.76,Human resources managers,openai_gpts_are_gpts,slug,openai_occ_level.csv,,0.5155902793378891,0.6598240469208211
human-resources-specialists,13-1071.00,Human Resources Specialists,1,0.6444444444444445,0.3333333333333333,0.6444444444444445,0.9555555555555556,0.3777777777777777,0.5888888888888889,0.8,Human resources specialists,openai_gpts_are_gpts,slug,openai_occ_level.csv,,1.328539848083465,0.9266862170087976
hydrologists,19-2043.00,Hydrologists,1,0.5,0.125,0.5,0.875,0.2916666666666666,0.53125,0.7708333333333333,Hydrologists,openai_gpts_are_gpts,slug,openai_occ_level.csv,,0.6144625241853241,0.717008797653959
industrial-designers,27-1021.00,Commercial and Industrial Designers,1,0.4655172413793103,0.0,0.4655172413793103,0.9310344827586208,0.0689655172413793,0.4137931034482758,0.7586206896551724,Industrial designers,openai_gpts_are_gpts,slug,openai_occ_level.csv,,0.4439931365173326,0.6275659824046921
industrial-engineering-technicians,17-3026.00 | 17-3026.01,Industrial Engineering Technologists and Technicians | Nanotechnology Engineering Technologists and Technicians,2,0.41903073286052,0.1725768321513002,0.41903073286052006,0.66548463356974,0.1684397163120567,0.3683510638297872,0.5682624113475176,Industrial engineering technologists and technicians,openai_gpts_are_gpts,slug,openai_occ_level.csv,,0.21418186389872265,0.533724340175953
industrial-engineers,17-2112.00 | 17-2112.01 | 17-2112.02 | 17-2112.03,Industrial Engineers | Human Factors Engineers and Ergonomists | Validation Engineers | Manufacturing Engineers,4,0.554355036527489,0.1837961926091825,0.554355036527489,0.9249138804457954,0.2942057270836666,0.520044259585133,0.7458827920865995,Industrial engineers,openai_gpts_are_gpts,slug,openai_occ_level.csv,,0.8831727481971817,0.844574780058651
industrial-machinery-mechanics-and-maintenance-workers-and-millwrights,49-9041.00 | 49-9043.00 | 49-9044.00,"Industrial Machinery Mechanics | Maintenance Workers, Machinery | Millwrights",3,0.1462632738930073,0.10261136712749613,0.14626327389300736,0.18991518065851865,0.059600614439324066,0.10097508849262,0.14234956254591594,"Industrial machinery mechanics, machinery maintenance workers, and millwrights",openai_gpts_are_gpts,slug,openai_occ_level.csv,,-1.1342746855737051,0.17888563049853373
industrial-production-managers,11-3051.00 | 11-3051.01 | 11-3051.02 | 11-3051.03 | 11-3051.04,Industrial Production Managers | Quality Control Systems Managers | Geothermal Production Managers | Biofuels Production Managers | Biomass Power Plant Managers,6,0.4057187015028995,0.07074510264368754,0.40571870150289957,0.7406923003621116,0.13070700264096488,0.3296039063138119,0.5285008099866589,Industrial production managers,openai_gpts_are_gpts,slug,openai_occ_level.csv,,0.14837234270835345,0.5073313782991202
information-clerks,43-4021.00 | 43-4031.00 | 43-4061.00 | 43-4071.00 | 43-4081.00,"Correspondence Clerks | Court, Municipal, and License Clerks | Eligibility Interviewers, Government Programs | File Clerks | Hotel, Motel, and Resort Desk Clerks",9,0.6781039312276635,0.4464676372384283,0.6781039312276635,0.9097402252168987,0.31004379288354944,0.5373554703879246,0.7646671478923,Information clerks,openai_gpts_are_gpts,slug,openai_occ_level.csv,,1.4949392990169366,0.9530791788856305
information-security-analysts,15-1212.00,Information Security Analysts,1,0.6521739130434783,0.3478260869565217,0.6521739130434783,0.9565217391304348,0.0869565217391304,0.5434782608695652,1.0,Information security analysts,openai_gpts_are_gpts,slug,openai_occ_level.csv,,1.3667513436766763,0.9384164222873901
instructional-coordinators,25-9031.00,Instructional Coordinators,1,0.4875,0.175,0.4875,0.8,0.275,0.525,0.775,Instructional coordinators,openai_gpts_are_gpts,slug,openai_occ_level.csv,,0.5526673711556772,0.6803519061583577
insulation-workers,47-2131.00 | 47-2132.00,"Insulation Workers, Floor, Ceiling, and Wall | Insulation Workers, Mechanical",2,0.0477272727272727,0.0,0.0477272727272727,0.09545454545454546,0.05,0.0727272727272727,0.09545454545454546,Insulation workers,openai_gpts_are_gpts,slug,openai_occ_level.csv,,-1.6213984672509874,0.05865102639296188
insurance-sales-agents,41-3021.00,Insurance Sales Agents,1,0.5757575757575758,0.1515151515151515,0.5757575757575758,1.0,0.3333333333333333,0.5303030303030303,0.7272727272727273,Insurance sales agents,openai_gpts_are_gpts,slug,openai_occ_level.csv,,0.9889786031528806,0.8724340175953079
insurance-underwriters,13-2053.00,Insurance Underwriters,1,0.5714285714285714,0.1428571428571428,0.5714285714285714,1.0,0.1428571428571428,0.5,0.8571428571428571,Insurance underwriters,openai_gpts_are_gpts,slug,openai_occ_level.csv,,0.9675776843547341,0.8665689149560117
interior-designers,27-1025.00,Interior Designers,1,0.5,0.0,0.5,1.0,0.1379310344827586,0.3620689655172414,0.5862068965517241,Interior designers,openai_gpts_are_gpts,slug,openai_occ_level.csv,,0.6144625241853241,0.717008797653959
interpreters-and-translators,27-3091.00,Interpreters and Translators,1,0.88,0.88,0.88,0.88,0.8,0.84,0.88,Interpreters and translators,openai_gpts_are_gpts,slug,openai_occ_level.csv,,2.4930351762865866,0.9912023460410557
janitors-and-building-cleaners,37-2011.00,"Janitors and Cleaners, Except Maids and Housekeeping Cleaners",1,0.0,0.0,0.0,0.0,0.0,0.0277777777777777,0.0555555555555555,Janitors and building cleaners,openai_gpts_are_gpts,slug,openai_occ_level.csv,,-1.8573435970005476,0.007331378299120235
jewelers-and-precious-stone-and-metal-workers,51-9071.00 | 51-9071.06,Jewelers and Precious Stone and Metal Workers | Gem and Diamond Workers,2,0.2053571428571428,0.0357142857142857,0.2053571428571428,0.37499999999999994,0.01785714285714285,0.1339285714285714,0.24999999999999994,Jewelers and precious stone and metal workers,openai_gpts_are_gpts,slug,openai_occ_level.csv,,-0.8421375115134935,0.24633431085043989
judges-and-hearing-officers,23-1021.00 | 23-1023.00,"Administrative Law Judges, Adjudicators, and Hearing Officers | Judges, Magistrate Judges, and Magistrates",2,0.4583333333333332,0.0769230769230769,0.45833333333333326,0.8397435897435898,0.0662393162393162,0.298076923076923,0.5299145299145299,Judges and hearing officers,openai_gpts_are_gpts,slug,openai_occ_level.csv,,0.40847868075316746,0.6187683284457478
kindergarten-and-elementary-school-teachers,25-2012.00 | 25-2021.00,"Kindergarten Teachers, Except Special Education | Elementary School Teachers, Except Special Education",2,0.2718437615697889,0.0544242873009996,0.27184376156978896,0.4892632358385783,0.13606071825249905,0.3026656793780081,0.4692706405035172,Kindergarten and elementary school teachers,openai_gpts_are_gpts,slug,openai_occ_level.csv,,-0.513453449291754,0.31671554252199413
labor-relations-specialists,13-1075.00,Labor Relations Specialists,1,0.5471698113207547,0.1698113207547169,0.5471698113207547,0.9245283018867924,0.1132075471698113,0.4433962264150943,0.7735849056603773,Labor relations specialists,openai_gpts_are_gpts,slug,openai_occ_level.csv,,0.8476517809009723,0.8240469208211144
landscape-architects,17-1012.00,Landscape Architects,1,0.4210526315789473,0.0,0.4210526315789473,0.8421052631578947,0.0526315789473684,0.3684210526315789,0.6842105263157894,Landscape architects,openai_gpts_are_gpts,slug,openai_occ_level.csv,,0.2241773471559755,0.5381231671554252
lawyers,23-1011.00,Lawyers,1,0.425,0.0,0.425,0.8500000000000001,0.15,0.475,0.8,Lawyers,openai_gpts_are_gpts,slug,openai_occ_level.csv,,0.24369160600744325,0.5483870967741935
librarians,25-4022.00,Librarians and Media Collections Specialists,1,0.5350877192982456,0.1578947368421052,0.5350877192982456,0.912280701754386,0.2631578947368421,0.5,0.7368421052631579,Librarians and library media specialists,openai_gpts_are_gpts,slug,openai_occ_level.csv,,0.7879226028650343,0.8035190615835777
library-technicians-and-assistants,25-4031.00 | 43-4121.00,"Library Technicians | Library Assistants, Clerical",2,0.550895225464191,0.35610079575596815,0.550895225464191,0.7456896551724138,0.2553050397877984,0.48425066312997345,0.7131962864721486,Library technicians and assistants,openai_gpts_are_gpts,slug,openai_occ_level.csv,,0.8660687838683688,0.8357771260997068
licensed-practical-and-licensed-vocational-nurses,29-2061.00,Licensed Practical and Licensed Vocational Nurses,1,0.25,0.0789473684210526,0.25,0.4210526315789473,0.0526315789473684,0.25,0.4473684210526315,Licensed practical and licensed vocational nurses,openai_gpts_are_gpts,slug,openai_occ_level.csv,,-0.6214405364076118,0.2859237536656892
line-installers-and-repairers,49-9051.00,Electrical Power-Line Installers and Repairers,1,0.0,0.0,0.0,0.0,0.0,0.0,0.0,Electrical power-line installers and repairers,openai_gpts_are_gpts,slug,openai_occ_level.csv,,-1.8573435970005476,0.007331378299120235
loan-officers,13-2072.00,Loan Officers,1,0.5909090909090909,0.2045454545454545,0.5909090909090909,0.9772727272727272,0.3409090909090909,0.6477272727272727,0.9545454545454546,Loan officers,openai_gpts_are_gpts,slug,openai_occ_level.csv,,1.0638818189463917,0.8885630498533724
lodging-managers,11-9081.00,Lodging Managers,1,0.4565217391304347,0.0434782608695652,0.4565217391304347,0.8695652173913043,0.2608695652173913,0.3804347826086956,0.5,Lodging managers,openai_gpts_are_gpts,slug,openai_occ_level.csv,,0.39952286147350874,0.6158357771260997
logging-workers,45-4021.00 | 45-4022.00 | 45-4023.00,Fallers | Logging Equipment Operators | Log Graders and Scalers,3,0.1430921052631578,0.0625,0.14309210526315785,0.2236842105263158,0.041666666666666664,0.1151315789473684,0.18859649122807018,Logging workers,openai_gpts_are_gpts,slug,openai_occ_level.csv,,-1.1499517136348545,0.17008797653958943
logisticians,13-1081.00 | 13-1081.01 | 13-1081.02,Logisticians | Logistics Engineers | Logistics Analysts,3,0.5278605318327264,0.08602409396848325,0.5278605318327264,0.9696969696969697,0.35057626914627904,0.5965664590292197,0.8425566489121602,Logisticians,openai_gpts_are_gpts,slug,openai_occ_level.csv,,0.752194190432578,0.782991202346041
machinists-and-tool-and-die-makers,51-4041.00 | 51-4111.00,Machinists | Tool and Die Makers,2,0.2110969387755102,0.12850765306122447,0.2110969387755102,0.29368622448979587,0.0,0.12101403061224485,0.24202806122448975,Machinists and tool and die makers,openai_gpts_are_gpts,slug,openai_occ_level.csv,,-0.813762186142737,0.25219941348973607
management-analysts,13-1111.00,Management Analysts,1,0.4047619047619047,0.0952380952380952,0.4047619047619047,0.7142857142857142,0.1904761904761904,0.5,0.8095238095238095,Management analysts,openai_gpts_are_gpts,slug,openai_occ_level.csv,,0.14364231062611016,0.501466275659824
manicurists-and-pedicurists,39-5092.00,Manicurists and Pedicurists,1,0.0833333333333333,0.0555555555555555,0.0833333333333333,0.1111111111111111,0.0,0.0555555555555555,0.1111111111111111,Manicurists and pedicurists,openai_gpts_are_gpts,slug,openai_occ_level.csv,,-1.4453759101362358,0.09824046920821114
marine-engineers-and-naval-architects,17-2121.00,Marine Engineers and Naval Architects,1,0.4210526315789473,0.1052631578947368,0.4210526315789473,0.7368421052631579,0.2631578947368421,0.4035087719298245,0.5438596491228069,Marine engineers and naval architects,openai_gpts_are_gpts,slug,openai_occ_level.csv,,0.2241773471559755,0.5381231671554252
market-research-analysts,13-1161.00 | 13-1161.01,Market Research Analysts and Marketing Specialists | Search Marketing Strategists,2,0.5245901639344263,0.04918032786885245,0.5245901639344263,1.0,0.12358133669609075,0.5425598991172762,0.9615384615384617,Market research analysts,openai_gpts_are_gpts,slug,openai_occ_level.csv,,0.7360267596534819,0.7683284457478006
marriage-and-family-therapists,21-1013.00,Marriage and Family Therapists,1,0.1111111111111111,0.074074074074074,0.1111111111111111,0.1481481481481481,0.1851851851851851,0.2777777777777778,0.3703703703703703,Marriage and family therapists,openai_gpts_are_gpts,slug,openai_occ_level.csv,,-1.3080533478481315,0.1378299120234604
massage-therapists,31-9011.00,Massage Therapists,1,0.074074074074074,0.074074074074074,0.074074074074074,0.074074074074074,0.074074074074074,0.1851851851851851,0.2962962962962963,Massage therapists,openai_gpts_are_gpts,slug,openai_occ_level.csv,,-1.4911500975656038,0.08504398826979472
material-moving-machine-operators,53-7011.00 | 53-7021.00 | 53-7031.00 | 53-7041.00 | 53-7051.00,Conveyor Operators and Tenders | Crane and Tower Operators | Dredge Operators | Hoist and Winch Operators | Industrial Truck and Tractor Operators,5,0.0637817604355716,0.03484573502722322,0.06378176043557167,0.09271778584392013,0.0,0.058146983838907595,0.11629396767781519,Material moving machine operators,openai_gpts_are_gpts,slug,openai_occ_level.csv,,-1.542031305271234,0.07624633431085044
material-recording-clerks,43-5061.00 | 43-5071.00 | 43-5111.00,"Production, Planning, and Expediting Clerks | Shipping, Receiving, and Inventory Clerks | Weighers, Measurers, Checkers, and Samplers, Recordkeeping",3,0.4630857648099027,0.2539472022230643,0.4630857648099027,0.6722243273967412,0.17224537914193083,0.38407856511304783,0.5959117510841648,Material recording clerks,openai_gpts_are_gpts,slug,openai_occ_level.csv,,0.4319728591817693,0.624633431085044
materials-engineers,17-2131.00,Materials Engineers,1,0.4878048780487805,0.1463414634146341,0.4878048780487805,0.8292682926829269,0.1463414634146341,0.3170731707317073,0.4878048780487805,Materials engineers,openai_gpts_are_gpts,slug,openai_occ_level.csv,,0.5541745700100589,0.6832844574780058
mathematicians-and-statisticians,15-2021.00 | 15-2041.00 | 15-2041.01,Mathematicians | Statisticians | Biostatisticians,3,0.8164912280701754,0.6329824561403509,0.8164912280701754,1.0,0.4848788638262322,0.7136675020885548,0.9424561403508772,Mathematicians and statisticians,openai_gpts_are_gpts,slug,openai_occ_level.csv,,2.1790724338763106,0.9794721407624634
mechanical-engineering-technicians,17-3027.00 | 17-3027.01,Mechanical Engineering Technologists and Technicians | Automotive Engineering Technicians,2,0.3786848072562357,0.1094104308390022,0.37868480725623577,0.6479591836734693,0.1678004535147392,0.3151927437641723,0.4625850340136054,Mechanical engineering technologists and technicians,openai_gpts_are_gpts,slug,openai_occ_level.csv,,0.014727252151563251,0.44574780058651026
mechanical-engineers,17-2141.00 | 17-2141.01 | 17-2141.02,Mechanical Engineers | Fuel Cell Engineers | Automotive Engineers,3,0.5312935096519228,0.20618331053351568,0.5312935096519228,0.8564037087703298,0.30672138622891015,0.5007630338957288,0.6948046815625476,Mechanical engineers,openai_gpts_are_gpts,slug,openai_occ_level.csv,,0.7691655016073479,0.7947214076246334
medical-and-health-services-managers,11-9111.00,Medical and Health Services Managers,1,0.4285714285714285,0.0,0.4285714285714285,0.8571428571428571,0.1142857142857142,0.3714285714285714,0.6285714285714286,Medical and health services managers,openai_gpts_are_gpts,slug,openai_occ_level.csv,,0.2613473640159134,0.5586510263929618
medical-assistants,31-9092.00,Medical Assistants,1,0.358974358974359,0.1794871794871795,0.358974358974359,0.5384615384615384,0.0512820512820512,0.141025641025641,0.2307692307692307,Medical assistants,openai_gpts_are_gpts,slug,openai_occ_level.csv,,-0.08271356127735767,0.436950146627566
medical-dosimetrists,29-2036.00,Medical Dosimetrists,1,0.45,0.15,0.45,0.75,0.1,0.3,0.5,Medical dosimetrists,openai_gpts_are_gpts,slug,openai_occ_level.csv,,0.36728191206673694,0.5909090909090909
medical-equipment-repairers,49-9062.00,Medical Equipment Repairers,1,0.303030303030303,0.1515151515151515,0.303030303030303,0.4545454545454546,0.2121212121212121,0.2727272727272727,0.3333333333333333,Medical equipment repairers,openai_gpts_are_gpts,slug,openai_occ_level.csv,,-0.35927928113032254,0.3724340175953079
medical-records-and-health-information-technicians,29-2072.00,Medical Records Specialists,1,0.6176470588235294,0.2352941176470588,0.6176470588235294,1.0,0.2352941176470588,0.5588235294117647,0.8823529411764706,Medical records specialists,openai_gpts_are_gpts,slug,openai_occ_level.csv,,1.1960639644643527,0.906158357771261
medical-scientists,19-1042.00,"Medical Scientists, Except Epidemiologists",1,0.5227272727272727,0.1818181818181818,0.5227272727272727,0.8636363636363636,0.3636363636363636,0.5681818181818182,0.7727272727272727,Medical scientists,openai_gpts_are_gpts,slug,openai_occ_level.csv,,0.7268173478755908,0.7653958944281525
medical-transcriptionists,31-9094.00,Medical Transcriptionists,1,0.875,0.8214285714285714,0.875,0.9285714285714284,0.1428571428571428,0.2321428571428571,0.3214285714285714,Medical transcriptionists,openai_gpts_are_gpts,slug,openai_occ_level.csv,,2.468317115074728,0.9853372434017595
meeting-convention-and-event-planners,13-1121.00,"Meeting, Convention, and Event Planners",1,0.4864864864864865,0.1081081081081081,0.4864864864864865,0.8648648648648649,0.081081081081081,0.3648648648648649,0.6486486486486487,"Meeting, convention, and event planners",openai_gpts_are_gpts,slug,openai_occ_level.csv,,0.5476569533424628,0.6744868035190615
metal-and-plastic-machine-workers,51-4021.00 | 51-4022.00 | 51-4023.00 | 51-4031.00 | 51-4032.00,"Extruding and Drawing Machine Setters, Operators, and Tenders, Metal and Plastic | Forging Machine Setters, Operators, and Tenders, Metal and Plastic | Rolling Machine Setters, Operators, and Tenders, Metal and Plastic | Cutting, Punching, and Press Machine Setters, Operators, and Tenders, Metal and Plastic | Drilling and Boring Machine Tool Setters, Operators, and Tenders, Metal and Plastic",20,0.1375220117921682,0.10520228925587057,0.1375220117921682,0.1698417343284659,0.007211538461538455,0.07617526811867825,0.1451389977758181,Metal and plastic machine workers,openai_gpts_are_gpts,slug,openai_occ_level.csv,,-1.1774880959091936,0.15835777126099707
microbiologists,19-1022.00,Microbiologists,1,0.3958333333333333,0.0833333333333333,0.3958333333333333,0.7083333333333333,0.0833333333333333,0.3125,0.5416666666666666,Microbiologists,openai_gpts_are_gpts,slug,openai_occ_level.csv,,0.09950291560493404,0.4897360703812317
middle-school-teachers,25-2022.00,"Middle School Teachers, Except Special and Career/Technical Education",1,0.3478260869565217,0.072463768115942,0.3478260869565217,0.6231884057971014,0.2028985507246377,0.3405797101449275,0.4782608695652174,Middle school teachers,openai_gpts_are_gpts,slug,openai_occ_level.csv,,-0.1378262953060285,0.41642228739002934
mining-and-geological-engineers,17-2151.00,"Mining and Geological Engineers, Including Mining Safety Engineers",1,0.4814814814814814,0.1111111111111111,0.4814814814814814,0.8518518518518519,0.4074074074074074,0.5,0.5925925925925926,Mining and geological engineers,openai_gpts_are_gpts,slug,openai_occ_level.csv,,0.5229141493265876,0.6627565982404692
models,41-9012.00,Models,1,0.2333333333333333,0.1333333333333333,0.2333333333333333,0.3333333333333333,0.0666666666666666,0.4,0.7333333333333334,Models,openai_gpts_are_gpts,slug,openai_occ_level.csv,,-0.7038340737804742,0.2727272727272727
multimedia-artists-and-animators,27-1014.00,Special Effects Artists and Animators,1,0.525,0.05,0.525,1.0,0.05,0.475,0.9,Special effects artists and animators,openai_gpts_are_gpts,slug,openai_occ_level.csv,,0.7380528302446178,0.7727272727272727
music-directors-and-composers,27-2041.00,Music Directors and Composers,1,0.7105263157894737,0.5263157894736842,0.7105263157894737,0.894736842105263,0.175438596491228,0.2807017543859649,0.3859649122807017,Music directors and composers,openai_gpts_are_gpts,slug,openai_occ_level.csv,,1.6552229962635856,0.9648093841642229
musicians-and-singers,27-2042.00,Musicians and Singers,1,0.4081632653061224,0.2448979591836734,0.4081632653061224,0.5714285714285714,0.1020408163265306,0.1326530612244897,0.1632653061224489,Musicians and singers,openai_gpts_are_gpts,slug,openai_occ_level.csv,,0.16045731825322496,0.5131964809384164
natural-sciences-managers,11-9121.00 | 11-9121.01 | 11-9121.02,Natural Sciences Managers | Clinical Research Coordinators | Water Resource Specialists,3,0.5306967984934087,0.11155206467318907,0.5306967984934087,0.9498415323136283,0.24444903771071602,0.4865325432915346,0.7286160488723531,Natural sciences managers,openai_gpts_are_gpts,slug,openai_occ_level.csv,,0.7662155930189577,0.7888563049853372
network-and-computer-systems-administrators,15-1244.00,Network and Computer Systems Administrators,1,0.7297297297297298,0.5405405405405406,0.7297297297297298,0.918918918918919,0.1621621621621621,0.5135135135135136,0.8648648648648649,Network and computer systems administrators,openai_gpts_are_gpts,slug,openai_occ_level.csv,,1.7501572285139682,0.9706744868035191
nuclear-engineers,17-2161.00,Nuclear Engineers,1,0.55,0.25,0.55,0.8500000000000001,0.25,0.475,0.7000000000000001,Nuclear engineers,openai_gpts_are_gpts,slug,openai_occ_level.csv,,0.8616431363039114,0.8313782991202346
nuclear-medicine-technologists,29-2033.00,Nuclear Medicine Technologists,1,0.2903225806451612,0.064516129032258,0.2903225806451612,0.5161290322580645,0.1612903225806451,0.2580645161290322,0.3548387096774194,Nuclear medicine technologists,openai_gpts_are_gpts,slug,openai_occ_level.csv,,-0.4221013330861709,0.3519061583577713
nuclear-technicians,19-4051.00 | 19-4051.02,Nuclear Technicians | Nuclear Monitoring Technicians,2,0.185064935064935,0.11147186147186144,0.18506493506493504,0.2586580086580086,0.11147186147186144,0.28409090909090906,0.4567099567099566,Nuclear technicians,openai_gpts_are_gpts,slug,openai_occ_level.csv,,-0.9424543183798032,0.21700879765395895
nurse-anesthetists-nurse-midwives-and-nurse-practitioners,29-1151.00 | 29-1161.00 | 29-1171.00,Nurse Anesthetists | Nurse Midwives | Nurse Practitioners,3,0.3461306835290574,0.07738632941884974,0.34613068352905746,0.6148750376392652,0.057211683227943365,0.244165913881361,0.4311201445347787,"Nurse anesthetists, nurse midwives, and nurse practitioners",openai_gpts_are_gpts,slug,openai_occ_level.csv,,-0.14620771244579986,0.41055718475073316
nursing-assistants,31-1131.00 | 31-1132.00,Nursing Assistants | Orderlies,2,0.0508474576271186,0.0254237288135593,0.05084745762711865,0.07627118644067794,0.01694915254237285,0.0912341101694915,0.16551906779661013,Nursing assistants and orderlies,openai_gpts_are_gpts,slug,openai_occ_level.csv,,-1.6059734829816454,0.06451612903225806
occupational-health-and-safety-specialists-and-technicians,19-5011.00 | 19-5012.00,Occupational Health and Safety Specialists | Occupational Health and Safety Technicians,2,0.3645833333333333,0.08630952380952381,0.3645833333333333,0.6428571428571428,0.26785714285714285,0.38690476190476186,0.5059523809523809,Occupational health and safety specialists and technicians,openai_gpts_are_gpts,slug,openai_occ_level.csv,,-0.054984966969182925,0.4398826979472141
occupational-therapists,29-1122.00 | 29-1122.01,"Occupational Therapists | Low Vision Therapists, Orientation and Mobility Specialists, and Vision Rehabilitation Therapists",2,0.2890151515151515,0.1106060606060606,0.2890151515151515,0.4674242424242424,0.1606060606060606,0.34071969696969695,0.5208333333333334,Occupational therapists,openai_gpts_are_gpts,slug,openai_occ_level.csv,,-0.4285647557393203,0.3460410557184751
occupational-therapy-assistants-and-aides,31-2011.00 | 31-2012.00,Occupational Therapy Assistants | Occupational Therapy Aides,2,0.2540913006029284,0.20413436692506454,0.25409130060292845,0.3040482342807924,0.0697674418604651,0.15331610680447885,0.23686477174849263,Occupational therapy assistants and aides,openai_gpts_are_gpts,slug,openai_occ_level.csv,,-0.601214732659752,0.2932551319648094
oil-and-gas-workers,47-5011.00 | 47-5012.00 | 47-5013.00 | 47-5071.00,"Derrick Operators, Oil and Gas | Rotary Drill Operators, Oil and Gas | Service Unit Operators, Oil and Gas | Roustabouts, Oil and Gas",4,0.0292869269949065,0.029286926994906596,0.029286926994906596,0.029286926994906596,0.0161290322580645,0.0428692699490662,0.0696095076400679,Oil and gas workers,openai_gpts_are_gpts,slug,openai_occ_level.csv,,-1.7125603861670804,0.03519061583577713
operations-research-analysts,15-2031.00,Operations Research Analysts,1,0.6290322580645161,0.2580645161290322,0.6290322580645161,1.0,0.2580645161290322,0.6290322580645161,1.0,Operations research analysts,openai_gpts_are_gpts,slug,openai_occ_level.csv,,1.2523479748139361,0.9178885630498533
opticians-dispensing,29-2081.00,"Opticians, Dispensing",1,0.2857142857142857,0.0952380952380952,0.2857142857142857,0.4761904761904761,0.1428571428571428,0.238095238095238,0.3333333333333333,Opticians,openai_gpts_are_gpts,slug,openai_occ_level.csv,,-0.4448829563229067,0.3387096774193548
optometrists,29-1041.00,Optometrists,1,0.3,0.0,0.3,0.6000000000000001,0.0,0.05,0.1,Optometrists,openai_gpts_are_gpts,slug,openai_occ_level.csv,,-0.37425992428902466,0.3621700879765396
orthotists-and-prosthetists,29-2091.00,Orthotists and Prosthetists,1,0.2758620689655172,0.1724137931034483,0.2758620689655172,0.3793103448275862,0.0,0.1896551724137931,0.3793103448275862,Orthotists and prosthetists,openai_gpts_are_gpts,slug,openai_occ_level.csv,,-0.49358849565661866,0.3196480938416422
painters-construction-and-maintenance,47-2141.00,"Painters, Construction and Maintenance",1,0.0571428571428571,0.0571428571428571,0.0571428571428571,0.0571428571428571,0.0,0.0285714285714285,0.0571428571428571,"Painters, construction and maintenance",openai_gpts_are_gpts,slug,openai_occ_level.csv,,-1.5748514688650195,0.07331378299120235
painting-and-coating-workers,51-9123.00 | 51-9124.00,"Painting, Coating, and Decorating Workers | Coating, Painting, and Spraying Machine Setters, Operators, and Tenders",2,0.0217391304347826,0.0108695652173913,0.0217391304347826,0.0326086956521739,0.0,0.0201406649616368,0.04028132992327365,Painting and coating workers,openai_gpts_are_gpts,slug,openai_occ_level.csv,,-1.7498737656446401,0.03225806451612903
paralegals-and-legal-assistants,23-2011.00,Paralegals and Legal Assistants,1,0.525,0.2,0.525,0.8500000000000001,0.05,0.45,0.8500000000000001,Paralegals and legal assistants,openai_gpts_are_gpts,slug,openai_occ_level.csv,,0.7380528302446178,0.7727272727272727
personal-financial-advisors,13-2052.00,Personal Financial Advisors,1,0.5,0.0526315789473684,0.5,0.9473684210526316,0.3947368421052631,0.6710526315789473,0.9473684210526316,Personal financial advisors,openai_gpts_are_gpts,slug,openai_occ_level.csv,,0.6144625241853241,0.717008797653959
pest-control-workers,37-2021.00,Pest Control Workers,1,0.25,0.1666666666666666,0.25,0.3333333333333333,0.0833333333333333,0.2291666666666666,0.375,Pest control workers,openai_gpts_are_gpts,slug,openai_occ_level.csv,,-0.6214405364076118,0.2859237536656892
petroleum-engineers,17-2171.00,Petroleum Engineers,1,0.5277777777777778,0.1666666666666666,0.5277777777777778,0.8888888888888888,0.0833333333333333,0.4305555555555555,0.7777777777777777,Petroleum engineers,openai_gpts_are_gpts,slug,openai_occ_level.csv,,0.7517850864734281,0.7800586510263929
pharmacists,29-1051.00,Pharmacists,1,0.4285714285714285,0.1142857142857142,0.4285714285714285,0.7428571428571429,0.2857142857142857,0.3999999999999999,0.5142857142857142,Pharmacists,openai_gpts_are_gpts,slug,openai_occ_level.csv,,0.2613473640159134,0.5586510263929618
pharmacy-technicians,29-2052.00,Pharmacy Technicians,1,0.4264705882352941,0.2941176470588235,0.4264705882352941,0.5588235294117647,0.2352941176470588,0.4264705882352941,0.6176470588235294,Pharmacy technicians,openai_gpts_are_gpts,slug,openai_occ_level.csv,,0.2509616240109311,0.5542521994134897
phlebotomists,31-9097.00,Phlebotomists,1,0.1829268292682926,0.1463414634146341,0.1829268292682926,0.2195121951219512,0.048780487804878,0.1097560975609756,0.1707317073170731,Phlebotomists,openai_gpts_are_gpts,slug,openai_occ_level.csv,,-0.9530242843715706,0.20821114369501467
photographers,27-4021.00,Photographers,1,0.3854166666666666,0.0416666666666666,0.3854166666666666,0.7291666666666666,0.0208333333333333,0.21875,0.4166666666666666,Photographers,openai_gpts_are_gpts,slug,openai_occ_level.csv,,0.04800695474689469,0.45454545454545453
physical-therapist-assistants-and-aides,31-2021.00 | 31-2022.00,Physical Therapist Assistants | Physical Therapist Aides,2,0.1678321678321678,0.11188811188811185,0.1678321678321678,0.22377622377622375,0.0303030303030303,0.127039627039627,0.22377622377622375,Physical therapist assistants and aides,openai_gpts_are_gpts,slug,openai_occ_level.csv,,-1.0276464374416536,0.20234604105571846
physical-therapists,29-1123.00,Physical Therapists,1,0.1914893617021276,0.0851063829787234,0.1914893617021276,0.2978723404255319,0.1276595744680851,0.3404255319148936,0.5531914893617021,Physical therapists,openai_gpts_are_gpts,slug,openai_occ_level.csv,,-0.9106944442059587,0.2316715542521994
physician-assistants,29-1071.00 | 29-1071.01,Physician Assistants | Anesthesiologist Assistants,2,0.2708333333333333,0.0,0.2708333333333333,0.5416666666666666,0.0,0.1101190476190476,0.2202380952380952,Physician assistants,openai_gpts_are_gpts,slug,openai_occ_level.csv,,-0.5184486146915338,0.31378299120234604
physicians-and-surgeons,29-1211.00 | 29-1212.00 | 29-1213.00 | 29-1214.00 | 29-1215.00,Anesthesiologists | Cardiologists | Dermatologists | Emergency Medicine Physicians | Family Medicine Physicians,21,0.4144522526641945,0.05147547604651855,0.41445225266419455,0.7774290292818704,0.14737312126462204,0.3352468594039381,0.5231205975432542,Physicians and surgeons,openai_gpts_are_gpts,slug,openai_occ_level.csv,,0.1915476331487113,0.5190615835777126
physicists-and-astronomers,19-2011.00 | 19-2012.00,Astronomers | Physicists,2,0.59375,0.3039772727272727,0.59375,0.8835227272727273,0.375,0.5291193181818181,0.6832386363636364,Physicists and astronomers,openai_gpts_are_gpts,slug,openai_occ_level.csv,,1.077926171907675,0.8944281524926686
plumbers-pipefitters-and-steamfitters,47-2152.00 | 47-2152.04,"Plumbers, Pipefitters, and Steamfitters | Solar Thermal Installers and Technicians",2,0.0753161698283649,0.0185185185185185,0.0753161698283649,0.13211382113821135,0.024390243902439,0.06436314363143625,0.1043360433604336,"Plumbers, pipefitters, and steamfitters",openai_gpts_are_gpts,slug,openai_occ_level.csv,,-1.4850096577884935,0.08797653958944282
podiatrists,29-1081.00,Podiatrists,1,0.2857142857142857,0.0,0.2857142857142857,0.5714285714285714,0.1904761904761904,0.2857142857142857,0.3809523809523809,Podiatrists,openai_gpts_are_gpts,slug,openai_occ_level.csv,,-0.4448829563229067,0.3387096774193548
police-and-detectives,33-3021.00 | 33-3021.02 | 33-3021.06 | 33-3031.00 | 33-3051.00,Detectives and Criminal Investigators | Police Identification and Records Officers | Intelligence Analysts | Fish and Game Wardens | Police and Sheriff's Patrol Officers,7,0.346957734142608,0.11344008546268758,0.34695773414260805,0.5804753828225285,0.1086355304118271,0.30492385162408336,0.5012121728363398,Police and detectives,openai_gpts_are_gpts,slug,openai_occ_level.csv,,-0.1421190949075901,0.41348973607038125
police-fire-and-ambulance-dispatchers,43-5031.00,Public Safety Telecommunicators,1,0.65625,0.40625,0.65625,0.90625,0.4375,0.59375,0.75,Public safety telecommunicators,openai_gpts_are_gpts,slug,openai_occ_level.csv,,1.3869019370559088,0.9428152492668622
political-scientists,19-3094.00,Political Scientists,1,0.4791666666666666,0.0416666666666666,0.4791666666666666,0.9166666666666666,0.25,0.5416666666666666,0.8333333333333333,Political scientists,openai_gpts_are_gpts,slug,openai_occ_level.csv,,0.5114706024692456,0.656891495601173
postal-service-workers,43-5051.00 | 43-5052.00 | 43-5053.00,"Postal Service Clerks | Postal Service Mail Carriers | Postal Service Mail Sorters, Processors, and Processing Machine Operators",3,0.2151946818613484,0.1510921177587844,0.21519468186134846,0.2792972459639126,0.1258784425451092,0.24964387464387464,0.37340930674264006,Postal service workers,openai_gpts_are_gpts,slug,openai_occ_level.csv,,-0.793504533257493,0.25513196480938416
postsecondary-education-administrators,11-9033.00,"Education Administrators, Postsecondary",1,0.4390243902439024,0.024390243902439,0.4390243902439024,0.8536585365853658,0.3414634146341463,0.475609756097561,0.6097560975609756,Postsecondary education administrators,openai_gpts_are_gpts,slug,openai_occ_level.csv,,0.313022753308998,0.5689149560117303
postsecondary-teachers,25-1011.00 | 25-1021.00 | 25-1022.00 | 25-1031.00 | 25-1032.00,"Business Teachers, Postsecondary | Computer Science Teachers, Postsecondary | Mathematical Science Teachers, Postsecondary | Architecture Teachers, Postsecondary | Engineering Teachers, Postsecondary",34,0.4844368317552819,0.19013671863395712,0.48443683175528196,0.7787369448766068,0.2502693878892246,0.4691001222928414,0.6879308566964583,Postsecondary teachers,openai_gpts_are_gpts,slug,openai_occ_level.csv,,0.5375242551206445,0.6686217008797654
power-plant-operators-distributors-and-dispatchers,51-8011.00 | 51-8012.00 | 51-8013.00 | 51-8013.03 | 51-8013.04,Nuclear Power Reactor Operators | Power Distributors and Dispatchers | Power Plant Operators | Biomass Plant Technicians | Hydroelectric Plant Technicians,5,0.2317736185383244,0.10257278669043372,0.23177361853832443,0.36097445038621506,0.01666666666666666,0.12911170528817584,0.24155674390968507,"Power plant operators, distributors, and dispatchers",openai_gpts_are_gpts,slug,openai_occ_level.csv,,-0.7115446989356886,0.2668621700879765
preschool-and-childcare-center-directors,11-9031.00,"Education and Childcare Administrators, Preschool and Daycare",1,0.46875,0.0625,0.46875,0.875,0.28125,0.515625,0.75,Preschool and childcare center directors,openai_gpts_are_gpts,slug,openai_occ_level.csv,,0.4599746416112071,0.6378299120234604
preschool-teachers,25-2011.00,"Preschool Teachers, Except Special Education",1,0.2272727272727273,0.0606060606060606,0.2272727272727273,0.3939393939393939,0.1515151515151515,0.3106060606060606,0.4696969696969697,Preschool teachers,openai_gpts_are_gpts,slug,openai_occ_level.csv,,-0.7337953600978785,0.26099706744868034
private-detectives-and-investigators,33-9021.00,Private Detectives and Investigators,1,0.3888888888888888,0.074074074074074,0.3888888888888888,0.7037037037037037,0.2222222222222222,0.3888888888888888,0.5555555555555556,Private detectives and investigators,openai_gpts_are_gpts,slug,openai_occ_level.csv,,0.06517227503290762,0.4662756598240469
probation-officers-and-correctional-treatment-specialists,21-1092.00,Probation Officers and Correctional Treatment Specialists,1,0.3947368421052631,0.1578947368421052,0.3947368421052631,0.631578947368421,0.2894736842105263,0.4473684210526315,0.6052631578947368,Probation officers and correctional treatment specialists,openai_gpts_are_gpts,slug,openai_occ_level.csv,,0.09408228814619295,0.4868035190615836
producers-and-directors,27-2012.00 | 27-2012.03 | 27-2012.04 | 27-2012.05,Producers and Directors | Media Programming Directors | Talent Directors | Media Technical Directors/Managers,4,0.4695853791598472,0.09383524277141297,0.4695853791598472,0.8453355155482816,0.2176759410801964,0.4369885433715221,0.6563011456628478,Producers and directors,openai_gpts_are_gpts,slug,openai_occ_level.csv,,0.46410443225285,0.6422287390029325
project-management-specialists,13-1082.00,Project Management Specialists,1,0.55,0.1,0.55,1.0,0.05,0.4,0.75,Project management specialists,openai_gpts_are_gpts,slug,openai_occ_level.csv,,0.8616431363039114,0.8313782991202346
property-real-estate-and-community-association-managers,11-9141.00,"Property, Real Estate, and Community Association Managers",1,0.4431818181818182,0.0,0.4431818181818182,0.8863636363636364,0.2045454545454545,0.4318181818181818,0.6590909090909091,"Property, real estate, and community association managers",openai_gpts_are_gpts,slug,openai_occ_level.csv,,0.3335754649596568,0.5806451612903226
psychiatric-technicians-and-aides,29-2053.00 | 31-1133.00,Psychiatric Technicians | Psychiatric Aides,2,0.1225,0.0625,0.1225,0.1825,0.08,0.2325,0.385,Psychiatric technicians and aides,openai_gpts_are_gpts,slug,openai_occ_level.csv,,-1.251751097310009,0.1466275659824047
psychologists,19-3032.00 | 19-3033.00 | 19-3034.00 | 19-3039.02 | 19-3039.03,Industrial-Organizational Psychologists | Clinical and Counseling Psychologists | School Psychologists | Neuropsychologists | Clinical Neuropsychologists,5,0.4319762619762619,0.06169312169312165,0.4319762619762619,0.8022594022594023,0.2899442299442299,0.4485442585442586,0.6071442871442871,Psychologists,openai_gpts_are_gpts,slug,openai_occ_level.csv,,0.27817954011928403,0.5659824046920822
public-relations-managers,11-2032.00 | 11-2033.00,Public Relations Managers | Fundraising Managers,2,0.55625,0.1375,0.55625,0.975,0.25,0.5375000000000001,0.825,Public relations and fundraising managers,openai_gpts_are_gpts,slug,openai_occ_level.csv,,0.8925407128187347,0.8504398826979472
public-relations-specialists,27-3031.00,Public Relations Specialists,1,0.5909090909090909,0.2424242424242424,0.5909090909090909,0.9393939393939394,0.6363636363636364,0.7878787878787878,0.9393939393939394,Public relations specialists,openai_gpts_are_gpts,slug,openai_occ_level.csv,,1.0638818189463917,0.8885630498533724
purchasing-managers-buyers-and-purchasing-agents,11-3061.00 | 13-1021.00 | 13-1022.00 | 13-1023.00,"Purchasing Managers | Buyers and Purchasing Agents, Farm Products | Wholesale and Retail Buyers, Except Farm Products | Purchasing Agents, Except Wholesale, Retail, and Farm Products",4,0.5134607351712615,0.09252297410192142,0.5134607351712615,0.9343984962406015,0.10693400167084373,0.3724624060150376,0.6379908103592313,"Purchasing managers, buyers, and purchasing agents",openai_gpts_are_gpts,slug,openai_occ_level.csv,,0.6810071793692961,0.750733137829912
quality-control-inspectors,51-9061.00,"Inspectors, Testers, Sorters, Samplers, and Weighers",1,0.4166666666666666,0.2708333333333333,0.4166666666666666,0.5625,0.0416666666666666,0.1770833333333333,0.3125,Quality control inspectors,openai_gpts_are_gpts,slug,openai_occ_level.csv,,0.20249483732101167,0.5249266862170088
radiation-therapists,29-1124.00,Radiation Therapists,1,0.2804878048780488,0.048780487804878,0.2804878048780488,0.5121951219512195,0.024390243902439,0.1707317073170731,0.3170731707317073,Radiation therapists,openai_gpts_are_gpts,slug,openai_occ_level.csv,,-0.4707206509694487,0.3284457478005865
radiologic-technologists,29-2034.00 | 29-2035.00,Radiologic Technologists and Technicians | Magnetic Resonance Imaging Technologists,2,0.3497076023391812,0.0222222222222222,0.34970760233918124,0.6771929824561402,0.11929824561403504,0.25146198830409355,0.383625730994152,Radiologic and MRI technologists,openai_gpts_are_gpts,slug,openai_occ_level.csv,,-0.12852481282610215,0.4222873900293255
railroad-occupations,53-4011.00 | 53-4013.00 | 53-4022.00 | 53-4031.00,"Locomotive Engineers | Rail Yard Engineers, Dinkey Operators, and Hostlers | Railroad Brake, Signal, and Switch Operators and Locomotive Firers | Railroad Conductors and Yardmasters",4,0.2336760461760461,0.14637445887445882,0.23367604617604615,0.3209776334776334,0.01785714285714285,0.1347402597402597,0.2516233766233766,Railroad workers,openai_gpts_are_gpts,slug,openai_occ_level.csv,,-0.7021398343756213,0.2756598240469208
real-estate-brokers-and-sales-agents,41-9021.00 | 41-9022.00,Real Estate Brokers | Real Estate Sales Agents,2,0.46875,0.0,0.46875,0.9375,0.20535714285714285,0.41629464285714285,0.6272321428571428,Real estate brokers and sales agents,openai_gpts_are_gpts,slug,openai_occ_level.csv,,0.4599746416112071,0.6378299120234604
receptionists,43-4171.00,Receptionists and Information Clerks,1,0.5333333333333333,0.2,0.5333333333333333,0.8666666666666667,0.4333333333333333,0.5833333333333334,0.7333333333333333,Receptionists,openai_gpts_are_gpts,slug,openai_occ_level.csv,,0.7792495989310488,0.8005865102639296
recreation-workers,39-9032.00,Recreation Workers,1,0.238095238095238,0.119047619047619,0.238095238095238,0.3571428571428571,0.0952380952380952,0.25,0.4047619047619047,Recreation workers,openai_gpts_are_gpts,slug,openai_occ_level.csv,,-0.6802930631025139,0.28152492668621704
recreational-therapists,29-1125.00,Recreational Therapists,1,0.3181818181818182,0.0909090909090909,0.3181818181818182,0.5454545454545454,0.0909090909090909,0.3636363636363636,0.6363636363636364,Recreational therapists,openai_gpts_are_gpts,slug,openai_occ_level.csv,,-0.2843760653368111,0.3841642228739003
registered-nurses,29-1141.00 | 29-1141.01 | 29-1141.02 | 29-1141.03 | 29-1141.04,Registered Nurses | Acute Care Nurses | Advanced Practice Psychiatric Nurses | Critical Care Nurses | Clinical Nurse Specialists,5,0.3801900070372976,0.06948784111345682,0.38019000703729766,0.6908921729611385,0.15837047462663223,0.33498318867776994,0.5115959027289076,Registered nurses,openai_gpts_are_gpts,slug,openai_occ_level.csv,,0.0221683762164361,0.44868035190615835
rehabilitation-counselors,21-1015.00,Rehabilitation Counselors,1,0.3548387096774194,0.064516129032258,0.3548387096774194,0.6451612903225806,0.2580645161290322,0.4677419354838709,0.6774193548387096,Rehabilitation counselors,openai_gpts_are_gpts,slug,openai_occ_level.csv,,-0.10315860777186438,0.4310850439882698
reporters-correspondents-and-broadcast-news-analysts,27-3023.00,"News Analysts, Reporters, and Journalists",1,0.65,0.3,0.65,1.0,0.4333333333333333,0.6333333333333333,0.8333333333333334,"News analysts, reporters, and journalists",openai_gpts_are_gpts,slug,openai_occ_level.csv,,1.3560043605410856,0.9354838709677419
respiratory-therapists,29-1126.00,Respiratory Therapists,1,0.2023809523809523,0.0952380952380952,0.2023809523809523,0.3095238095238095,0.0952380952380952,0.1904761904761904,0.2857142857142857,Respiratory therapists,openai_gpts_are_gpts,slug,openai_occ_level.csv,,-0.8568506431872189,0.2434017595307918
retail-sales-workers,41-2022.00 | 41-2031.00,Parts Salespersons | Retail Salespersons,2,0.3424812030075187,0.12518796992481201,0.3424812030075187,0.5597744360902255,0.2744360902255639,0.3490601503759398,0.4236842105263157,Retail sales workers,openai_gpts_are_gpts,slug,openai_occ_level.csv,,-0.16424932903037573,0.40762463343108507
roofers,47-2181.00,Roofers,1,0.04,0.0,0.04,0.08,0.0,0.0,0.0,Roofers,openai_gpts_are_gpts,slug,openai_occ_level.csv,,-1.659599107305678,0.04398826979472141
sales-engineers,41-9031.00,Sales Engineers,1,0.5113636363636364,0.1590909090909091,0.5113636363636364,0.8636363636363636,0.3181818181818182,0.5340909090909091,0.75,Sales engineers,openai_gpts_are_gpts,slug,openai_occ_level.csv,,0.6706399360304575,0.7448680351906158
sales-managers,11-2022.00,Sales Managers,1,0.45,0.0,0.45,0.9,0.1,0.4833333333333333,0.8666666666666667,Sales managers,openai_gpts_are_gpts,slug,openai_occ_level.csv,,0.36728191206673694,0.5909090909090909
school-and-career-counselors,21-1012.00,"Educational, Guidance, and Career Counselors and Advisors",1,0.2894736842105263,0.0526315789473684,0.2894736842105263,0.5263157894736842,0.2456140350877192,0.3245614035087719,0.4035087719298245,School and career counselors and advisors,openai_gpts_are_gpts,slug,openai_occ_level.csv,,-0.4262979478929376,0.3489736070381232
secretaries-and-administrative-assistants,43-6011.00 | 43-6012.00 | 43-6013.00 | 43-6014.00,"Executive Secretaries and Executive Administrative Assistants | Legal Secretaries and Administrative Assistants | Medical Secretaries and Administrative Assistants | Secretaries and Administrative Assistants, Except Legal, Medical, and Executive",4,0.6637995646147821,0.3719078610382958,0.6637995646147821,0.9556912681912682,0.4697789344528475,0.6706329029698594,0.8714868714868715,Secretaries and administrative assistants,openai_gpts_are_gpts,slug,openai_occ_level.csv,,1.4242240571101221,0.9472140762463344
securities-commodities-and-financial-services-sales-agents,41-3031.00,"Securities, Commodities, and Financial Services Sales Agents",1,0.6057692307692308,0.2115384615384615,0.6057692307692308,1.0,0.2692307692307693,0.5192307692307693,0.7692307692307693,"Securities, commodities, and financial services sales agents",openai_gpts_are_gpts,slug,openai_occ_level.csv,,1.1373445882823356,0.9002932551319648
security-guards,33-9031.00 | 33-9032.00,Gambling Surveillance Officers and Gambling Investigators | Security Guards,2,0.3020833333333333,0.20833333333333331,0.3020833333333333,0.3958333333333333,0.0833333333333333,0.28124999999999994,0.47916666666666663,Security guards and gambling surveillance officers,openai_gpts_are_gpts,slug,openai_occ_level.csv,,-0.36396073211741686,0.36656891495601174
semiconductor-processing-technicians,51-9141.00,Semiconductor Processing Technicians,1,0.234375,0.1875,0.234375,0.28125,0.03125,0.0625,0.09375,Semiconductor processing technicians,openai_gpts_are_gpts,slug,openai_occ_level.csv,,-0.6986844776946702,0.2785923753665689
set-and-exhibit-designers,27-1027.00,Set and Exhibit Designers,1,0.3913043478260869,0.0,0.3913043478260869,0.7826086956521738,0.1521739130434782,0.358695652173913,0.5652173913043478,Set and exhibit designers,openai_gpts_are_gpts,slug,openai_occ_level.csv,,0.07711336740578656,0.47214076246334313
sheet-metal-workers,47-2211.00,Sheet Metal Workers,1,0.0657894736842105,0.0,0.0657894736842105,0.131578947368421,0.0,0.0394736842105263,0.0789473684210526,Sheet metal workers,openai_gpts_are_gpts,slug,openai_occ_level.csv,,-1.532105949476091,0.07917888563049853
skincare-specialists,39-5094.00,Skincare Specialists,1,0.1969696969696969,0.0606060606060606,0.1969696969696969,0.3333333333333333,0.0606060606060606,0.106060606060606,0.1515151515151515,Skincare specialists,openai_gpts_are_gpts,slug,openai_occ_level.csv,,-0.8836017916849015,0.2375366568914956
small-engine-mechanics,49-3051.00 | 49-3052.00 | 49-3053.00,Motorboat Mechanics and Service Technicians | Motorcycle Mechanics | Outdoor Power Equipment and Other Small Engine Mechanics,3,0.0851648351648351,0.07326007326007324,0.08516483516483513,0.09706959706959702,0.023809523809523798,0.0485347985347985,0.07326007326007324,Small engine mechanics,openai_gpts_are_gpts,slug,openai_occ_level.csv,,-1.4363216752600974,0.10263929618768329
social-and-community-service-managers,11-9151.00,Social and Community Service Managers,1,0.3928571428571428,0.0714285714285714,0.3928571428571428,0.7142857142857142,0.25,0.4464285714285714,0.6428571428571428,Social and community service managers,openai_gpts_are_gpts,slug,openai_occ_level.csv,,0.0847897839312084,0.4809384164222874
social-and-human-service-assistants,21-1093.00,Social and Human Service Assistants,1,0.3928571428571428,0.2142857142857142,0.3928571428571428,0.5714285714285714,0.2857142857142857,0.375,0.4642857142857142,Social and human service assistants,openai_gpts_are_gpts,slug,openai_occ_level.csv,,0.0847897839312084,0.4809384164222874
social-workers,21-1021.00 | 21-1022.00 | 21-1023.00,"Child, Family, and School Social Workers | Healthcare Social Workers | Mental Health and Substance Abuse Social Workers",3,0.285813492063492,0.029464285714285703,0.28581349206349205,0.5421626984126984,0.17519841269841266,0.3586805555555555,0.5421626984126984,Social workers,openai_gpts_are_gpts,slug,openai_occ_level.csv,,-0.4443925186004495,0.34310850439882695
sociologists,19-3041.00,Sociologists,1,0.5384615384615385,0.1538461538461538,0.5384615384615385,0.9230769230769232,0.3846153846153846,0.6153846153846154,0.8461538461538463,Sociologists,openai_gpts_are_gpts,slug,openai_occ_level.csv,,0.8046014565842377,0.8123167155425219
software-developers,15-1252.00 | 15-1253.00,Software Developers | Software Quality Assurance Analysts and Testers,2,0.8728070175438596,0.7982456140350878,0.8728070175438596,0.9473684210526316,0.18421052631578946,0.5307017543859649,0.8771929824561404,"Software developers, quality assurance analysts, and testers",openai_gpts_are_gpts,slug,openai_occ_level.csv,,2.4574758601572455,0.9824046920821115
solar-photovoltaic-installers,47-2231.00,Solar Photovoltaic Installers,1,0.11,0.0,0.11,0.22,0.0,0.11,0.22,Solar photovoltaic installers,openai_gpts_are_gpts,slug,openai_occ_level.csv,,-1.3135462503396558,0.13196480938416422
special-education-teachers,25-2051.00 | 25-2055.00 | 25-2056.00 | 25-2057.00 | 25-2058.00,"Special Education Teachers, Preschool | Special Education Teachers, Kindergarten | Special Education Teachers, Elementary School | Special Education Teachers, Middle School | Special Education Teachers, Secondary School",6,0.3080239205239204,0.13246198246198243,0.30802392052392047,0.48358585858585856,0.1647463647463647,0.30953490953490953,0.4543234543234543,Special education teachers,openai_gpts_are_gpts,slug,openai_occ_level.csv,,-0.33459277255515374,0.375366568914956
speech-language-pathologists,29-1127.00,Speech-Language Pathologists,1,0.4512195121951219,0.1707317073170731,0.4512195121951219,0.7317073170731707,0.0975609756097561,0.3902439024390244,0.6829268292682927,Speech-language pathologists,openai_gpts_are_gpts,slug,openai_occ_level.csv,,0.3733107074842632,0.5953079178885631
stationary-engineers-and-boiler-operators,51-8021.00,Stationary Engineers and Boiler Operators,1,0.1627906976744186,0.1395348837209302,0.1627906976744186,0.1860465116279069,0.0,0.1046511627906976,0.2093023255813953,Stationary engineers and boiler operators,openai_gpts_are_gpts,slug,openai_occ_level.csv,,-1.0525695110330546,0.1935483870967742
structural-iron-and-steel-workers,47-2171.00 | 47-2221.00,Reinforcing Iron and Rebar Workers | Structural Iron and Steel Workers,2,0.0499999999999999,0.0,0.04999999999999995,0.09999999999999995,0.0,0.0,0.0,Ironworkers,openai_gpts_are_gpts,slug,openai_occ_level.csv,,-1.610162984881961,0.06158357771260997
substance-abuse-behavioral-disorder-and-mental-health-counselors,21-1011.00 | 21-1014.00,Substance Abuse and Behavioral Disorder Counselors | Mental Health Counselors,2,0.2274509803921568,0.0836601307189542,0.22745098039215686,0.3712418300653595,0.14771241830065354,0.27679738562091505,0.40588235294117647,"Substance abuse, behavioral disorder, and mental health counselors",openai_gpts_are_gpts,slug,openai_occ_level.csv,,-0.7329141457944258,0.26392961876832843
surgical-technologists,29-2055.00 | 29-9093.00,Surgical Technologists | Surgical Assistants,2,0.0529411764705882,0.01666666666666665,0.0529411764705882,0.0892156862745098,0.0,0.027941176470588202,0.05588235294117645,Surgical assistants and technologists,openai_gpts_are_gpts,slug,openai_occ_level.csv,,-1.5956229488749847,0.06744868035190615
survey-researchers,19-3022.00,Survey Researchers,1,0.625,0.25,0.625,1.0,0.75,0.84375,0.9375,Survey researchers,openai_gpts_are_gpts,slug,openai_occ_level.csv,,1.2324140544817919,0.9134897360703812
surveying-and-mapping-technicians,17-3031.00,Surveying and Mapping Technicians,1,0.5,0.0851063829787234,0.5,0.9148936170212766,0.1063829787234042,0.5106382978723404,0.9148936170212766,Surveying and mapping technicians,openai_gpts_are_gpts,slug,openai_occ_level.csv,,0.6144625241853241,0.717008797653959
surveyors,17-1022.00 | 17-1022.01,Surveyors | Geodetic Surveyors,2,0.5100694444444445,0.14930555555555555,0.5100694444444445,0.8708333333333333,0.16041666666666665,0.4197916666666667,0.6791666666666667,Surveyors,openai_gpts_are_gpts,slug,openai_occ_level.csv,,0.6642419530147619,0.7419354838709677
tax-examiners-and-collectors-and-revenue-agents,13-2081.00,"Tax Examiners and Collectors, and Revenue Agents",1,0.5806451612903225,0.1935483870967742,0.5806451612903225,0.967741935483871,0.4516129032258064,0.6774193548387096,0.9032258064516128,"Tax examiners and collectors, and revenue agents",openai_gpts_are_gpts,slug,openai_occ_level.csv,,1.0131409308282062,0.8768328445747801
taxi-drivers-and-chauffeurs,53-3053.00 | 53-3054.00,Shuttle Drivers and Chauffeurs | Taxi Drivers,2,0.265625,0.22115384615384615,0.265625,0.31009615384615385,0.0817307692307692,0.2115384615384615,0.34134615384615385,"Taxi drivers, shuttle drivers, and chauffeurs",openai_gpts_are_gpts,slug,openai_occ_level.csv,,-0.5441965951205533,0.30498533724340177
teacher-assistants,25-9042.00 | 25-9043.00,"Teaching Assistants, Preschool, Elementary, Middle, and Secondary School, Except Special Education | Teaching Assistants, Special Education",2,0.3166666666666666,0.21666666666666662,0.3166666666666666,0.41666666666666663,0.14999999999999997,0.26666666666666666,0.3833333333333333,Teacher assistants,openai_gpts_are_gpts,slug,openai_occ_level.csv,,-0.29186638691616257,0.3812316715542522
technical-writers,27-3042.00,Technical Writers,1,0.7,0.4666666666666667,0.7,0.9333333333333332,0.3333333333333333,0.6333333333333333,0.9333333333333332,Technical writers,openai_gpts_are_gpts,slug,openai_occ_level.csv,,1.6031849726596725,0.9618768328445748
telecommunications-equipment-installers-and-repairers-except-line-installers,49-2021.00 | 49-2022.00 | 49-9052.00,"Radio, Cellular, and Tower Equipment Installers and Repairers | Telecommunications Equipment Installers and Repairers, Except Line Installers | Telecommunications Line Installers and Repairers",3,0.1398809523809523,0.10441468253968254,0.13988095238095236,0.1753472222222222,0.05233134920634921,0.10590277777777778,0.15947420634920634,Telecommunications technicians,openai_gpts_are_gpts,slug,openai_occ_level.csv,,-1.1658264083354528,0.16129032258064516
tellers,43-3071.00,Tellers,1,0.5416666666666666,0.3125,0.5416666666666666,0.7708333333333333,0.2291666666666666,0.3333333333333333,0.4375,Tellers,openai_gpts_are_gpts,slug,openai_occ_level.csv,,0.8204463676174798,0.8181818181818182
tile-and-marble-setters,47-2041.00 | 47-2042.00 | 47-2043.00 | 47-2044.00,"Carpet Installers | Floor Layers, Except Carpet, Wood, and Hard Tiles | Floor Sanders and Finishers | Tile and Stone Setters",4,0.0553571428571428,0.00625,0.05535714285714285,0.1044642857142857,0.0,0.0171875,0.034375,Flooring installers and tile and stone setters,openai_gpts_are_gpts,slug,openai_occ_level.csv,,-1.5836793478692548,0.07038123167155426
top-executives,11-1011.00 | 11-1011.03 | 11-1021.00,Chief Executives | Chief Sustainability Officers | General and Operations Managers,3,0.4987749287749288,0.08888888888888886,0.4987749287749288,0.9086609686609687,0.11698005698005692,0.37450142450142443,0.632022792022792,Top executives,openai_gpts_are_gpts,slug,openai_occ_level.csv,,0.6084062470792847,0.6950146627565983
tour-and-travel-guides,39-7011.00 | 39-7012.00,Tour Guides and Escorts | Travel Guides,2,0.3246153846153846,0.1569230769230769,0.32461538461538464,0.4923076923076923,0.3138461538461539,0.3730769230769231,0.4323076923076923,Tour and travel guides,openai_gpts_are_gpts,slug,openai_occ_level.csv,,-0.2525710075537203,0.39002932551319647
training-and-development-managers,11-3131.00,Training and Development Managers,1,0.5,0.0909090909090909,0.5,0.9090909090909092,0.0454545454545454,0.4772727272727273,0.9090909090909092,Training and development managers,openai_gpts_are_gpts,slug,openai_occ_level.csv,,0.6144625241853241,0.717008797653959
training-and-development-specialists,13-1151.00,Training and Development Specialists,1,0.5526315789473684,0.1052631578947368,0.5526315789473684,1.0,0.4210526315789473,0.5921052631578947,0.763157894736842,Training and development specialists,openai_gpts_are_gpts,slug,openai_occ_level.csv,,0.8746526422048891,0.8401759530791789
transportation-storage-and-distribution-managers,11-3071.00 | 11-3071.04,"Transportation, Storage, and Distribution Managers | Supply Chain Managers",2,0.486525974025974,0.01785714285714285,0.486525974025974,0.9551948051948052,0.16201298701298694,0.47297077922077924,0.7839285714285713,"Transportation, storage, and distribution managers",openai_gpts_are_gpts,slug,openai_occ_level.csv,,0.5478521644260941,0.6774193548387096
travel-agents,41-3041.00,Travel Agents,1,0.5625,0.125,0.5625,1.0,0.25,0.5625,0.875,Travel agents,openai_gpts_are_gpts,slug,openai_occ_level.csv,,0.923438289333558,0.8563049853372434
tutors,25-3041.00,Tutors,1,0.5428571428571428,0.1714285714285714,0.5428571428571428,0.9142857142857144,0.1714285714285714,0.3714285714285714,0.5714285714285714,Tutors,openai_gpts_are_gpts,slug,openai_occ_level.csv,,0.8263316202869699,0.8211143695014663
umpires-referees-and-other-sports-officials,27-2023.00,"Umpires, Referees, and Other Sports Officials",1,0.3125,0.2499999999999999,0.3125,0.375,0.125,0.1666666666666666,0.2083333333333333,"Umpires, referees, and other sports officials",openai_gpts_are_gpts,slug,openai_occ_level.csv,,-0.31246477125937777,0.3782991202346041
urban-and-regional-planners,19-3051.00,Urban and Regional Planners,1,0.4772727272727273,0.0,0.4772727272727273,0.9545454545454546,0.2727272727272727,0.5795454545454546,0.8863636363636364,Urban and regional planners,openai_gpts_are_gpts,slug,openai_occ_level.csv,,0.5021077004950573,0.6539589442815249
veterinarians,29-1131.00,Veterinarians,1,0.2702702702702703,0.081081081081081,0.2702702702702703,0.4594594594594595,0.027027027027027,0.2297297297297297,0.4324324324324324,Veterinarians,openai_gpts_are_gpts,slug,openai_occ_level.csv,,-0.5212321801433196,0.31085043988269795
veterinary-assistants-and-laboratory-animal-caretakers,31-9096.00,Veterinary Assistants and Laboratory Animal Caretakers,1,0.2222222222222222,0.1111111111111111,0.2222222222222222,0.3333333333333333,0.1481481481481481,0.1481481481481481,0.1481481481481481,Veterinary assistants and laboratory animal caretakers,openai_gpts_are_gpts,slug,openai_occ_level.csv,,-0.7587630986957158,0.25806451612903225
veterinary-technologists-and-technicians,29-2056.00,Veterinary Technologists and Technicians,1,0.1639344262295082,0.0655737704918032,0.1639344262295082,0.2622950819672131,0.0655737704918032,0.1475409836065573,0.2295081967213114,Veterinary technologists and technicians,openai_gpts_are_gpts,slug,openai_occ_level.csv,,-1.0469153605461634,0.19648093841642228
waiters-and-waitresses,35-3031.00,Waiters and Waitresses,1,0.183673469387755,0.0816326530612244,0.183673469387755,0.2857142857142857,0.2040816326530612,0.2244897959183673,0.2448979591836734,Waiters and waitresses,openai_gpts_are_gpts,slug,openai_occ_level.csv,,-0.9493331851363503,0.21114369501466276
water-and-wastewater-treatment-plant-and-system-operators,51-8031.00,Water and Wastewater Treatment Plant and System Operators,1,0.125,0.125,0.125,0.125,0.0,0.125,0.25,Water and wastewater treatment plant and system operators,openai_gpts_are_gpts,slug,openai_occ_level.csv,,-1.2393920667040796,0.1495601173020528
water-transportation-occupations,53-5011.00 | 53-5021.00 | 53-5022.00 | 53-5031.00,"Sailors and Marine Oilers | Captains, Mates, and Pilots of Water Vessels | Motorboat Operators | Ship Engineers",4,0.1195161387814313,0.08656914893617018,0.11951613878143133,0.15246312862669242,0.018181818181818174,0.12234661625694138,0.2265114143320646,Water transportation workers,openai_gpts_are_gpts,slug,openai_occ_level.csv,,-1.2665021501596634,0.14076246334310852
web-developers,15-1254.00 | 15-1255.00 | 15-1255.01,Web Developers | Web and Digital Interface Designers | Video Game Designers,3,0.8108974358974358,0.6217948717948718,0.8108974358974358,1.0,0.2803418803418803,0.6337606837606837,0.9871794871794872,Web developers and digital designers,openai_gpts_are_gpts,slug,openai_occ_level.csv,,2.151418894409872,0.9765395894428153
welders-cutters-solderers-and-brazers,51-4121.00,"Welders, Cutters, Solderers, and Brazers",1,0.088235294117647,0.0784313725490196,0.088235294117647,0.0980392156862745,0.0,0.0392156862745098,0.0784313725490196,"Welders, cutters, solderers, and brazers",openai_gpts_are_gpts,slug,openai_occ_level.csv,,-1.4211425167912763,0.10557184750733138
wholesale-and-manufacturing-sales-representatives,41-4011.00 | 41-4011.07 | 41-4012.00,"Sales Representatives, Wholesale and Manufacturing, Technical and Scientific Products | Solar Sales Representatives and Assessors | Sales Representatives, Wholesale and Manufacturing, Except Technical and Scientific Products",3,0.5391052786697069,0.1330913490623109,0.5391052786697069,0.9451192082771032,0.41777963919524713,0.617998355747902,0.8182170723005568,Wholesale and manufacturing sales representatives,openai_gpts_are_gpts,slug,openai_occ_level.csv,,0.8077838585582457,0.8152492668621701
wind-turbine-technicians,49-9081.00,Wind Turbine Service Technicians,1,0.0434782608695652,0.0,0.0434782608695652,0.0869565217391304,0.0,0.0434782608695652,0.0869565217391304,Wind turbine technicians,openai_gpts_are_gpts,slug,openai_occ_level.csv,,-1.6424039342887327,0.04838709677419355
woodworkers,51-7011.00 | 51-7021.00 | 51-7041.00 | 51-7042.00,"Cabinetmakers and Bench Carpenters | Furniture Finishers | Sawing Machine Setters, Operators, and Tenders, Wood | Woodworking Machine Setters, Operators, and Tenders, Except Sawing",4,0.0675648520277676,0.020140664961636825,0.0675648520277676,0.1149890390938984,0.0,0.040715199123127474,0.08143039824625498,Woodworkers,openai_gpts_are_gpts,slug,openai_occ_level.csv,,-1.5233291673620404,0.08211143695014662
writers-and-authors,27-3043.00 | 27-3043.05,"Writers and Authors | Poets, Lyricists and Creative Writers",2,0.8771367521367521,0.8098290598290598,0.8771367521367521,0.9444444444444444,0.641025641025641,0.7742165242165242,0.9074074074074074,Writers and authors,openai_gpts_are_gpts,slug,openai_occ_level.csv,,2.478880389096889,0.9882697947214076
zoologists-and-wildlife-biologists,19-1023.00,Zoologists and Wildlife Biologists,1,0.4523809523809523,0.0952380952380952,0.4523809523809523,0.8095238095238095,0.2857142857142857,0.5238095238095237,0.7619047619047619,Zoologists and wildlife biologists,openai_gpts_are_gpts,slug,openai_occ_level.csv,,0.3790524174057167,0.5982404692082112
